Date,HIGH,CLOSE,LOW,OPEN,COUNT,VOLUME
2013-01-02,32.07,31.88,31.29,32.07,494,93249
2013-01-03,33.09,32.81,31.94,32.03,330,61512
2013-01-04,33.22,33.11,32.77,33.09,227,40383
2013-01-07,33.44,33.27,32.76,33.27,451,89098
2013-01-08,31.44,31.12,31.05,31.21,4979,1503308
2013-01-09,31.8,31.78,31.25,31.33,1690,388900
2013-01-10,31.82,31.79,31.6,31.81,443,159591
2013-01-11,31.86,31.78,31.7,31.81,337,108765
2013-01-14,32.0,32.0,31.79,31.8,787,269917
2013-01-15,32.3,32.2,31.9,32.0,596,165149
2013-01-16,32.65,32.51,32.06,32.29,502,103321
2013-01-17,32.85,32.56,32.4,32.51,400,73054
2013-01-18,32.74,32.36,32.17,32.74,400,64699
2013-01-22,32.9,32.77,32.32,32.56,515,104258
2013-01-23,33.2,32.98,32.65,32.99,282,67271
2013-01-24,33.07,32.75,32.61,33.07,310,64986
2013-01-25,33.04,32.92,32.87,33.0,265,50582
2013-01-28,33.2,33.12,32.86,33.04,429,79750
2013-01-29,33.42,33.2,32.95,33.23,707,112483
2013-01-30,33.37,32.67,32.66,33.37,755,125150
2013-01-31,32.24,31.7,31.51,32.24,441,84744
2013-02-01,32.32,32.1,31.69,31.69,451,73473
2013-02-04,32.32,31.68,31.65,32.03,383,65272
2013-02-05,32.74,32.42,32.02,32.23,701,136507
2013-02-06,33.25,33.25,32.4,32.4,437,98122
2013-02-07,33.37,33.27,32.98,33.2,502,86422
2013-02-08,35.03,34.9,33.42,33.48,918,148945
2013-02-11,36.57,35.7,35.5,35.84,1158,191633
2013-02-12,36.29,35.5,35.4,35.76,1770,224324
2013-02-13,36.5,35.85,35.3,36.5,1129,157032
2013-02-14,36.81,36.11,35.85,36.26,887,147435
2013-02-15,36.38,36.15,35.75,35.75,748,147353
2013-02-19,37.82,37.57,36.21,36.72,1267,227367
2013-02-20,37.98,36.4,36.175,37.78,960,173616
2013-02-21,36.55,36.4,35.72,36.17,915,149502
2013-02-22,37.25,37.05,36.69,36.69,322,67776
2013-02-25,37.58,36.45,36.34,37.43,444,76264
2013-02-26,36.86,36.58,36.23,36.46,514,99497
2013-02-27,37.44,37.34,36.61,36.62,393,62373
2013-02-28,38.48,38.36,37.39,37.6,408,74874
2013-03-01,40.0,39.8,38.18,38.25,790,119033
2013-03-04,40.24,39.76,39.33,39.8,603,105724
2013-03-05,40.2,38.52,38.17,39.93,670,105740
2013-03-06,38.91,38.44,38.0,38.49,362,59521
2013-03-07,38.86,38.82,38.13,38.4,274,41400
2013-03-08,40.0,39.58,38.99,39.0,457,78061
2013-03-11,39.93,39.4,38.95,39.93,379,61403
2013-03-12,39.78,38.62,38.36,39.61,433,78045
2013-03-13,39.12,39.0,38.07,38.6,442,80581
2013-03-14,39.4,39.01,38.47,39.1,213,29805
2013-03-15,39.13,39.12,37.88,39.11,945,388198
2013-03-18,38.75,38.19,37.94,38.2,504,86237
2013-03-19,38.26,38.01,37.64,38.19,450,67846
2013-03-20,38.3,38.12,37.79,38.09,338,70625
2013-03-21,38.8,38.46,37.74,37.98,266,39712
2013-03-22,39.18,38.99,38.52,38.52,115,26650
2013-03-25,39.73,39.1,38.98,39.21,474,110181
2013-03-26,37.62,37.32,37.09,37.1,5259,1739901
2013-03-27,37.38,37.13,37.1,37.26,790,175494
2013-03-28,37.38,37.25,37.01,37.1,613,116706
2013-04-01,37.49,37.47,37.25,37.25,751,215736
2013-04-02,37.5,35.84,35.45,37.46,2114,465988
2013-04-03,36.2,34.9,33.75,36.0,2097,388587
2013-04-04,35.7,35.58,34.61,34.99,776,147006
2013-04-05,35.93,35.87,34.86,35.24,355,67514
2013-04-08,36.77,36.67,36.07,36.1,539,117684
2013-04-09,37.48,37.1,36.76,36.85,502,112733
2013-04-10,37.35,37.04,36.66,37.35,445,93193
2013-04-11,37.24,36.88,36.7,37.2,479,72861
2013-04-12,36.9,36.74,36.35,36.65,418,91402
2013-04-15,36.74,35.81,35.375,36.74,678,123739
2013-04-16,37.01,36.88,36.04,36.04,469,72249
2013-04-17,36.86,36.23,35.97,36.86,205,50212
2013-04-18,36.48,36.4,35.62,36.23,273,57110
2013-04-19,37.13,36.96,36.45,36.47,238,37506
2013-04-22,37.36,37.14,36.82,37.11,370,80499
2013-04-23,37.6,37.42,37.31,37.5,723,214579
2013-04-24,37.535,37.36,37.3,37.5,352,86457
2013-04-25,37.69,37.59,37.51,37.58,623,146983
2013-04-26,37.75,37.67,37.05,37.72,546,108183
2013-04-29,38.1,37.88,37.72,37.8,918,285524
2013-04-30,37.98,37.76,37.62,37.9,831,158802
2013-05-01,37.29,36.11,35.81,37.29,696,138268
2013-05-02,37.12,36.69,36.32,36.32,344,55967
2013-05-03,37.34,36.85,36.68,37.25,276,49416
2013-05-06,37.45,37.31,36.32,36.89,388,59186
2013-05-07,37.6,36.91,36.58,37.37,501,242293
2013-05-08,36.96,36.88,35.99,36.5,546,278502
2013-05-09,36.89,36.84,35.76,36.69,821,298329
2013-05-10,36.99,36.43,36.03,36.71,628,107000
2013-05-13,36.64,36.42,35.91,36.2,454,331015
2013-05-14,36.46,35.77,35.41,36.46,753,378309
2013-05-15,35.45,35.22,34.71,35.41,775,165398
2013-05-16,36.14,35.72,35.18,35.22,511,91869
2013-05-17,36.05,35.42,35.36,35.79,543,81655
2013-05-20,35.85,35.63,35.14,35.22,227,49991
2013-05-21,36.66,36.25,35.65,35.78,560,92147
2013-05-22,36.8,35.86,35.42,36.48,396,70294
2013-05-23,35.96,35.8,35.23,35.4,250,56859
2013-05-24,36.12,36.05,35.5,35.54,220,34203
2013-05-28,36.13,35.66,35.51,36.1,497,98525
2013-05-29,35.35,34.87,34.02,35.35,658,114327
2013-05-30,34.98,34.43,33.46,34.79,673,116294
2013-05-31,34.64,34.15,33.93,34.4,356,71005
2013-06-03,34.08,33.31,32.8,33.87,765,147920
2013-06-04,33.2,32.39,32.21,33.02,659,214966
2013-06-05,32.75,32.73,31.61,32.39,662,115389
2013-06-06,34.47,34.07,32.72,32.84,698,115513
2013-06-07,34.97,34.72,34.29,34.58,413,70305
2013-06-10,35.93,35.68,35.04,35.04,520,87593
2013-06-11,35.78,34.74,34.71,35.7,369,67592
2013-06-12,35.5,35.5,35.28,35.42,328,71865
2013-06-13,36.0,35.87,35.42,35.6,556,109252
2013-06-14,36.43,36.13,36.0,36.0,237,248329
2013-06-17,36.61,36.16,36.08,36.4,321,95566
2013-06-18,36.36,35.77,35.72,36.36,183,26814
2013-06-19,36.5,36.24,35.76,35.84,332,68067
2013-06-20,35.81,35.02,34.7,35.77,739,150672
2013-06-21,35.7,35.03,34.25,35.1,706,353877
2013-06-24,34.72,34.01,33.2,34.61,733,134981
2013-06-25,35.03,34.73,34.14,34.44,344,55899
2013-06-26,35.87,35.77,35.01,35.15,587,128059
2013-06-27,36.42,35.98,35.86,36.0,306,46243
2013-06-28,36.69,36.38,35.75,36.09,424,99179
2013-07-01,36.9,36.6,36.52,36.68,397,60311
2013-07-02,36.71,35.67,35.44,36.66,457,66063
2013-07-03,35.48,35.41,34.78,35.39,219,42222
2013-07-05,35.04,34.03,33.35,35.0,919,178270
2013-07-08,35.12,35.01,34.03,34.05,598,95926
2013-07-09,35.13,34.86,34.53,34.82,634,91805
2013-07-10,34.98,34.84,34.21,34.5,497,80487
2013-07-11,35.1,34.58,34.15,35.1,642,87614
2013-07-12,34.69,34.5,33.88,34.34,498,84632
2013-07-15,34.49,34.03,33.94,34.49,441,69848
2013-07-16,34.22,33.97,33.78,34.09,355,58362
2013-07-17,34.24,34.03,33.66,34.0,426,67613
2013-07-18,34.34,33.71,33.64,34.03,491,76683
2013-07-19,33.8,33.09,32.97,33.71,748,120551
2013-07-22,33.37,32.98,32.81,33.2,729,110990
2013-07-23,33.6,33.2,32.92,33.11,573,103487
2013-07-24,34.02,33.66,33.19,33.6,639,133750
2013-07-25,33.92,33.85,33.45,33.84,676,105521
2013-07-26,34.21,33.82,33.61,33.93,437,68283
2013-07-29,34.08,34.08,33.2,33.82,373,64387
2013-07-30,34.31,33.66,33.61,34.31,471,88598
2013-07-31,33.09,32.83,31.9,33.01,835,133983
2013-08-01,33.1,32.56,32.34,33.1,486,85968
2013-08-02,32.5,32.25,32.06,32.5,235,46742
2013-08-05,32.15,31.8,31.53,32.03,539,113614
2013-08-06,32.72,31.97,31.62,31.68,365,59403
2013-08-07,31.5,31.5,28.96,31.0,2346,469390
2013-08-08,30.98,29.55,29.22,30.92,2084,353768
2013-08-09,29.72,29.08,28.94,29.55,657,145264
2013-08-12,28.95,28.49,28.22,28.9,837,190184
2013-08-13,29.38,29.34,28.48,28.63,636,131465
2013-08-14,30.18,29.68,29.37,29.67,716,137091
2013-08-15,29.84,29.47,29.16,29.36,336,78208
2013-08-16,29.84,29.59,29.5,29.61,630,112520
2013-08-19,29.65,29.14,29.12,29.65,480,84508
2013-08-20,29.52,29.46,29.06,29.24,228,38530
2013-08-21,29.85,29.61,29.3,29.49,416,79545
2013-08-22,30.18,30.1,29.61,29.61,312,64187
2013-08-23,30.34,30.01,29.82,30.2,258,45041
2013-08-26,31.04,31.01,29.99,30.0,309,53753
2013-08-27,30.96,30.45,30.45,30.83,277,46443
2013-08-28,30.82,30.69,30.21,30.57,276,48523
2013-08-29,30.99,30.84,30.71,30.84,119,30685
2013-08-30,31.0,30.57,30.4,30.99,136,27070
2013-09-03,30.65,30.42,30.0,30.65,243,45018
2013-09-04,30.34,30.17,29.65,30.34,299,62076
2013-09-05,30.48,30.16,30.06,30.06,143,28362
2013-09-06,30.34,29.99,29.76,30.16,196,33880
2013-09-09,30.1,29.84,29.78,29.85,164,31947
2013-09-10,30.49,30.33,29.78,29.84,210,40364
2013-09-11,30.39,30.02,30.01,30.26,239,43663
2013-09-12,30.34,29.81,29.76,29.79,262,53303
2013-09-13,29.94,29.83,29.76,29.78,261,44816
2013-09-16,30.3,29.91,29.82,30.09,190,30391
2013-09-17,30.33,30.22,29.98,29.98,250,38457
2013-09-18,30.55,30.37,29.755,30.17,169,36892
2013-09-19,30.87,30.71,30.415,30.57,268,59074
2013-09-20,30.96,30.3,30.26,30.71,231,94364
2013-09-23,30.25,29.9,29.84,30.2,262,54113
2013-09-24,29.5,28.72,28.65,29.49,673,146485
2013-09-25,28.75,28.28,28.22,28.7,564,105327
2013-09-26,28.36,27.52,27.06,28.23,1156,204038
2013-09-27,27.5,27.0,26.91,27.33,908,172316
2013-09-30,27.29,27.29,26.69,26.83,454,104195
2013-10-01,27.64,27.45,27.2,27.3,429,80891
2013-10-02,27.87,27.55,27.33,27.45,347,62090
2013-10-03,28.24,28.23,27.35,27.55,335,66353
2013-10-04,28.72,28.35,28.08,28.3,338,55067
2013-10-07,28.53,28.38,28.12,28.19,247,67054
2013-10-08,28.44,27.92,27.9,28.35,253,46706
2013-10-09,27.92,27.39,27.16,27.92,572,94385
2013-10-10,28.22,28.0,27.43,27.43,781,112451
2013-10-11,28.73,28.71,27.91,28.0,759,139807
2013-10-14,29.02,28.99,28.45,28.59,325,62797
2013-10-15,29.0,28.75,28.71,28.93,648,103765
2013-10-16,29.0,28.99,28.56,28.74,351,58152
2013-10-17,29.79,29.69,28.9,28.98,546,94509
2013-10-18,30.28,30.1,29.59,29.77,742,120147
2013-10-21,31.18,31.13,30.25,30.26,718,124025
2013-10-22,31.82,31.51,31.02,31.39,661,122694
2013-10-23,31.71,31.11,31.02,31.71,544,100719
2013-10-24,31.52,31.45,31.08,31.23,442,70513
2013-10-25,31.6,31.51,31.3,31.55,356,57726
2013-10-28,31.68,31.37,31.2,31.6,559,92028
2013-10-29,31.53,31.45,31.1,31.53,685,117034
2013-10-30,31.56,31.4,31.22,31.5,644,116153
2013-10-31,30.87,29.81,29.57,30.87,699,122903
2013-11-01,29.93,29.72,29.39,29.81,351,60880
2013-11-04,29.5,28.99,28.69,29.43,680,132467
2013-11-05,29.2,29.19,28.64,28.68,329,59580
2013-11-06,28.96,28.36,27.89,28.75,940,496363
2013-11-07,28.35,25.53,25.0,27.94,2587,822964
2013-11-08,26.35,25.94,25.52,25.9,977,508934
2013-11-11,26.76,26.68,25.58,26.17,737,126443
2013-11-12,27.42,27.26,26.57,26.75,498,92527
2013-11-13,27.84,27.71,27.09,27.28,807,153403
2013-11-14,28.61,28.52,27.73,28.0,633,152599
2013-11-15,28.68,28.42,28.17,28.54,472,96777
2013-11-18,28.68,28.01,27.92,28.68,559,117299
2013-11-19,28.18,27.36,27.3,28.1,367,87071
2013-11-20,27.52,27.01,26.91,27.26,331,79692
2013-11-21,27.03,26.8,26.71,27.0,592,98583
2013-11-22,27.49,27.45,26.76,26.8,644,123115
2013-11-25,27.91,27.91,27.45,27.52,506,93637
2013-11-26,28.19,28.18,27.97,28.0,649,157495
2013-11-27,28.93,28.85,28.07,28.25,391,77755
2013-11-29,28.91,28.59,28.51,28.91,155,30382
2013-12-02,28.65,27.76,27.72,28.64,529,104569
2013-12-03,27.72,27.23,27.0,27.63,670,126773
2013-12-04,27.1,26.19,25.93,26.94,493,152223
2013-12-05,26.44,25.92,25.9,26.22,412,103457
2013-12-06,26.72,26.69,26.15,26.16,444,72975
2013-12-09,27.2,26.7,26.67,26.7,1002,147365
2013-12-10,26.96,25.83,25.73,26.51,1167,204652
2013-12-11,26.19,25.65,24.85,26.0,978,217213
2013-12-12,25.98,25.86,25.52,25.6,579,91834
2013-12-13,26.09,25.69,25.63,26.0,499,82545
2013-12-16,25.95,25.6,25.6,25.7,599,114691
2013-12-17,25.73,25.59,25.28,25.68,440,61429
2013-12-18,26.11,26.06,25.47,25.56,749,119847
2013-12-19,26.02,25.85,25.68,25.8,359,69159
2013-12-20,27.17,26.61,25.75,25.75,923,172627
2013-12-23,27.47,27.26,26.5,26.6,694,95620
2013-12-24,27.4,26.83,26.74,27.22,346,59275
2013-12-26,27.14,26.55,26.45,26.78,662,138884
2013-12-27,26.8,26.56,26.41,26.48,427,56200
2013-12-30,26.55,26.04,25.79,26.32,577,131147
2013-12-31,26.21,26.02,25.66,25.75,762,130042
2014-01-02,27.33,27.27,25.97,25.97,973,144035
2014-01-03,28.19,28.01,27.4,27.4,740,110940
2014-01-06,28.83,28.32,28.03,28.24,746,107711
2014-01-07,29.21,29.07,28.25,28.54,711,101703
2014-01-08,29.25,28.95,28.6,29.25,568,74840
2014-01-09,29.75,29.62,29.04,29.12,594,83083
2014-01-10,30.12,29.83,29.64,29.64,555,86636
2014-01-13,29.83,28.62,28.61,29.83,633,94526
2014-01-14,28.99,28.5,28.01,28.89,697,87931
2014-01-15,28.97,28.82,28.51,28.51,255,52386
2014-01-16,29.17,29.15,28.81,28.86,482,85967
2014-01-17,29.48,29.33,28.93,29.22,827,139016
2014-01-21,30.02,29.83,29.41,29.41,559,87718
2014-01-22,30.06,30.0,29.86,29.99,249,67659
2014-01-23,30.59,30.51,30.04,30.11,592,97533
2014-01-24,30.57,29.71,29.64,30.57,603,87364
2014-01-27,30.03,29.84,29.52,30.03,407,46534
2014-01-28,30.36,30.16,29.85,29.95,592,84471
2014-01-29,30.3,29.74,29.61,30.09,618,77753
2014-01-30,30.33,30.11,29.87,30.2,554,93200
2014-01-31,29.75,29.07,29.05,29.34,604,94646
2014-02-03,28.95,27.96,27.78,28.95,953,120034
2014-02-04,28.31,27.79,27.6,28.31,557,58962
2014-02-05,27.63,27.47,27.04,27.5,447,76100
2014-02-06,28.05,27.76,27.52,27.54,290,37031
2014-02-07,28.58,28.42,27.5,27.88,525,71058
2014-02-10,28.6,28.09,27.64,28.6,439,66743
2014-02-11,28.34,27.81,27.44,28.34,528,78149
2014-02-12,27.95,27.59,27.46,27.86,381,47088
2014-02-13,27.83,27.74,27.45,27.48,306,43148
2014-02-14,28.4,28.14,27.74,28.07,759,111054
2014-02-18,29.54,29.1,28.64,28.88,1467,188644
2014-02-19,28.73,27.68,27.36,28.73,1863,337438
2014-02-20,27.65,27.01,26.42,27.63,1209,218411
2014-02-21,27.85,27.15,26.88,27.24,918,144984
2014-02-24,27.7,27.2,27.1,27.43,538,57690
2014-02-25,27.1,26.18,26.02,27.1,1400,193352
2014-02-26,26.23,25.71,25.47,26.08,2003,301068
2014-02-27,25.92,25.62,25.4,25.71,1179,182881
2014-02-28,25.74,25.47,25.33,25.55,958,192567
2014-03-03,25.79,25.58,25.27,25.48,752,129695
2014-03-04,25.78,25.54,25.33,25.68,1449,204002
2014-03-05,26.04,25.55,25.31,25.55,1369,234508
2014-03-06,25.87,25.43,25.34,25.76,1429,217815
2014-03-07,25.5,25.27,25.0,25.38,1371,253725
2014-03-10,25.55,25.42,24.93,25.24,1876,301410
2014-03-11,25.635,25.26,25.24,25.55,1146,162771
2014-03-12,25.45,24.78,24.68,25.25,1366,208625
2014-03-13,24.85,24.61,24.25,24.8,852,109535
2014-03-14,25.11,24.9,24.59,24.6,738,146077
2014-03-17,25.32,24.65,24.35,25.32,964,178264
2014-03-18,25.1,25.03,24.58,24.65,866,117500
2014-03-19,25.11,25.05,24.82,25.09,590,102010
2014-03-20,25.34,25.28,24.81,25.1,690,90092
2014-03-21,25.69,25.6,24.96,25.19,1094,261172
2014-03-24,25.81,25.24,24.88,25.61,1055,147774
2014-03-25,25.37,25.15,24.86,25.37,389,58867
2014-03-26,25.58,25.31,25.25,25.43,580,84726
2014-03-27,25.73,25.43,24.8,25.73,852,138796
2014-03-28,25.56,25.47,25.13,25.45,560,113699
2014-03-31,25.85,25.84,25.36,25.56,445,73437
2014-04-01,26.32,26.17,25.75,26.05,663,117239
2014-04-02,26.35,26.29,25.77,26.35,423,66923
2014-04-03,26.42,26.39,26.1,26.35,518,96456
2014-04-04,26.78,26.75,26.2,26.5,684,104946
2014-04-07,26.75,26.27,26.07,26.75,537,75587
2014-04-08,26.77,26.39,26.27,26.27,607,71815
2014-04-09,26.77,26.77,26.05,26.36,573,102674
2014-04-10,27.25,25.92,25.8,26.87,1253,213920
2014-04-11,26.44,26.38,25.82,25.97,569,77887
2014-04-14,27.07,26.6,26.51,26.53,608,114145
2014-04-15,26.79,26.76,26.51,26.75,280,49004
2014-04-16,27.13,27.03,26.73,26.79,319,73199
2014-04-17,27.71,27.61,27.08,27.08,344,66423
2014-04-21,28.33,28.11,27.72,27.82,566,103177
2014-04-22,28.28,28.12,27.97,28.28,345,64172
2014-04-23,28.71,28.68,28.12,28.27,454,89178
2014-04-24,28.75,28.34,28.21,28.75,620,123220
2014-04-25,28.47,28.14,27.75,28.3,462,60579
2014-04-28,29.2,29.11,28.1,28.32,702,101491
2014-04-29,29.4,29.23,29.12,29.2,750,99272
2014-04-30,29.5,29.31,29.16,29.43,681,130565
2014-05-01,28.95,28.14,28.08,28.95,785,149315
2014-05-02,28.7,28.65,28.18,28.42,377,65852
2014-05-05,28.55,28.46,28.37,28.37,387,54216
2014-05-06,28.58,28.55,28.32,28.42,819,97334
2014-05-07,29.8,29.59,28.53,28.7,1272,201425
2014-05-08,30.98,30.65,29.98,30.01,2195,267128
2014-05-09,30.69,29.99,29.92,30.5,560,70385
2014-05-12,30.87,30.57,30.22,30.25,702,106622
2014-05-13,30.57,30.27,30.0,30.52,404,44993
2014-05-14,30.45,30.1,29.96,30.04,464,50913
2014-05-15,30.32,30.29,29.78,30.29,616,92083
2014-05-16,31.75,31.7,30.29,30.78,1401,208628
2014-05-19,31.81,31.42,31.11,31.81,1171,142259
2014-05-20,31.65,31.33,31.25,31.5,435,53689
2014-05-21,31.49,31.1,30.88,31.35,718,92829
2014-05-22,31.36,31.18,31.0,31.32,673,85247
2014-05-23,31.3,31.15,31.01,31.3,498,54050
2014-05-27,31.34,30.97,30.69,31.34,449,50475
2014-05-28,31.49,31.24,30.91,30.95,549,60090
2014-05-29,31.8,31.72,31.06,31.06,477,57534
2014-05-30,31.95,31.77,31.5,31.5,1224,60115
2014-06-02,31.9,31.5,31.11,31.83,413,59953
2014-06-03,31.64,31.21,31.185,31.36,155,18264
2014-06-04,31.5,31.34,31.12,31.12,498,56727
2014-06-05,31.7,31.55,31.34,31.52,668,76842
2014-06-06,31.7,31.51,31.26,31.59,695,76791
2014-06-09,31.74,31.6,31.27,31.38,429,74375
2014-06-10,31.69,31.46,31.42,31.69,247,27722
2014-06-11,31.52,31.05,31.02,31.52,348,55015
2014-06-12,31.18,30.74,30.68,31.1,591,66186
2014-06-13,31.01,30.95,30.51,30.72,468,47456
2014-06-16,31.6,31.57,30.97,31.06,386,49011
2014-06-17,31.88,31.56,31.5,31.6,534,58951
2014-06-18,31.69,31.39,31.16,31.69,414,39216
2014-06-19,31.51,31.19,31.16,31.4,307,40307
2014-06-20,31.32,31.05,31.02,31.2,330,76597
2014-06-23,32.44,32.12,31.49,31.55,1241,167888
2014-06-24,32.81,32.64,32.0,32.02,567,73726
2014-06-25,32.57,31.36,31.27,32.17,1084,150132
2014-06-26,31.72,31.68,31.26,31.42,305,31956
2014-06-27,32.26,32.19,31.51,31.53,378,42142
2014-06-30,32.29,31.8,31.76,32.29,449,56852
2014-07-01,32.08,31.99,31.81,31.97,269,34057
2014-07-02,32.45,32.41,31.91,32.0,393,61522
2014-07-03,32.55,32.38,32.07,32.33,200,34303
2014-07-07,32.4,31.95,31.75,32.4,514,64405
2014-07-08,31.99,31.46,31.05,31.83,543,95822
2014-07-09,32.18,32.13,31.29,31.74,394,65110
2014-07-10,31.87,31.48,31.27,31.86,404,67105
2014-07-11,32.39,32.29,31.29,31.29,314,67532
2014-07-14,32.4,31.9,31.59,32.4,255,27290
2014-07-15,32.45,32.44,31.6,31.87,289,59917
2014-07-16,33.22,33.15,32.46,32.46,636,122297
2014-07-17,33.2,32.73,32.61,33.2,266,37249
2014-07-18,32.76,32.25,32.17,32.71,242,46508
2014-07-21,32.3,32.1,31.88,32.26,284,45664
2014-07-22,33.0,32.88,32.12,32.12,348,59057
2014-07-23,33.25,33.14,32.71,32.88,236,46788
2014-07-24,33.3,33.0,32.89,33.19,334,79044
2014-07-25,33.2,33.03,32.83,32.95,191,33261
2014-07-28,33.2,32.84,32.6,33.1,336,53780
2014-07-29,33.08,32.46,32.35,33.0,522,152977
2014-07-30,32.58,32.34,31.55,32.39,1026,171805
2014-07-31,31.68,31.04,30.95,31.68,647,87960
2014-08-01,31.29,30.87,30.51,30.87,493,66853
2014-08-04,31.6,31.42,30.92,31.21,279,37746
2014-08-05,31.59,30.77,30.54,31.42,507,133359
2014-08-06,30.5,29.81,29.0,30.5,1478,233078
2014-08-07,29.945,28.72,28.44,29.8,1190,179969
2014-08-08,29.58,29.39,28.43,28.66,699,114169
2014-08-11,30.06,29.93,29.61,29.84,701,93821
2014-08-12,30.17,29.55,29.55,30.17,179,30306
2014-08-13,30.2,29.9,29.5,29.7,426,63914
2014-08-14,30.11,29.97,29.75,30.11,245,52224
2014-08-15,30.2,30.0,29.95,30.2,333,64251
2014-08-18,30.3,29.63,29.45,30.3,495,79766
2014-08-19,30.12,29.99,29.6,29.79,481,59841
2014-08-20,30.21,30.17,29.79,29.79,378,46155
2014-08-21,30.2,30.03,29.87,30.2,162,19943
2014-08-22,30.03,29.92,29.78,30.0,256,46349
2014-08-25,30.43,30.04,29.69,29.89,670,159632
2014-08-26,30.23,30.04,29.89,30.1,226,36379
2014-08-27,30.66,30.22,29.88,30.04,620,77914
2014-08-28,30.64,30.39,30.18,30.24,309,29450
2014-08-29,30.69,30.37,30.26,30.68,210,54809
2014-09-02,30.49,30.05,29.87,30.47,246,37750
2014-09-03,29.61,28.29,28.0,29.5,2547,363770
2014-09-04,28.32,28.23,27.53,28.0,1120,171541
2014-09-05,28.5,28.46,27.8,28.14,513,72736
2014-09-08,28.45,28.31,28.18,28.21,310,47556
2014-09-09,29.02,28.99,28.18,28.25,457,58853
2014-09-10,29.0,28.35,28.24,28.96,345,40518
2014-09-11,28.15,27.92,27.55,28.03,409,69337
2014-09-12,27.92,27.71,27.31,27.92,636,107201
2014-09-15,28.31,28.17,27.615,27.68,283,37299
2014-09-16,28.71,28.29,28.18,28.35,203,35688
2014-09-17,28.54,28.42,28.23,28.23,163,22671
2014-09-18,28.9,28.62,28.42,28.59,244,32888
2014-09-19,28.88,28.54,28.31,28.75,304,57991
2014-09-22,28.59,27.59,27.51,28.59,349,53759
2014-09-23,27.93,27.74,27.55,27.74,438,57254
2014-09-24,27.54,27.26,26.6,27.51,465,88533
2014-09-25,27.69,27.47,27.03,27.03,230,26197
2014-09-26,28.22,27.94,27.05,27.37,424,57831
2014-09-29,28.21,28.03,27.94,28.06,322,38351
2014-09-30,28.05,27.45,27.26,28.05,550,66818
2014-10-01,27.83,26.8,26.67,27.18,686,78329
2014-10-02,26.9,26.22,25.05,26.9,1313,201382
2014-10-03,27.0,27.0,26.13,26.32,339,49340
2014-10-06,27.34,27.31,26.69,27.07,330,63062
2014-10-07,27.44,27.09,26.75,27.12,325,47483
2014-10-08,27.29,27.25,25.98,27.01,477,104843
2014-10-09,27.34,26.72,26.15,27.34,329,42039
2014-10-10,26.58,25.81,24.37,26.58,1193,169621
2014-10-13,25.63,25.02,24.77,25.63,661,168978
2014-10-14,25.28,24.54,24.22,25.25,1048,128078
2014-10-15,25.63,25.6,23.41,24.42,886,129463
2014-10-16,26.7,26.67,24.97,25.33,973,130736
2014-10-17,27.99,27.42,27.15,27.99,1004,126145
2014-10-20,27.85,26.88,26.61,27.43,602,70062
2014-10-21,27.51,27.29,26.87,26.89,697,70915
2014-10-22,28.1,27.21,27.06,27.5,623,75705
2014-10-23,27.99,27.94,27.47,27.7,402,57712
2014-10-24,28.15,28.03,27.52,28.14,482,50572
2014-10-27,28.04,27.82,27.5,28.03,596,45950
2014-10-28,28.5,28.4,27.96,27.96,363,36519
2014-10-29,28.53,27.93,27.46,28.53,603,72317
2014-10-30,28.0,27.95,27.7,27.8,540,68275
2014-10-31,27.4,26.78,26.65,27.02,890,122107
2014-11-03,26.82,26.58,26.21,26.67,1321,117950
2014-11-04,26.72,26.5,25.65,26.61,851,89081
2014-11-05,28.6,28.07,26.64,26.64,1242,168848
2014-11-06,28.65,28.65,28.04,28.1,569,55228
2014-11-07,29.45,29.35,28.58,28.65,923,116702
2014-11-10,29.69,28.19,27.57,29.4,1162,133759
2014-11-11,28.69,28.27,28.0,28.35,835,73094
2014-11-12,28.52,28.02,28.0,28.35,436,60897
2014-11-13,28.28,27.85,27.44,27.97,955,93403
2014-11-14,28.25,28.0,27.61,28.17,572,76844
2014-11-17,28.49,27.98,27.8,27.86,513,63504
2014-11-18,28.33,27.85,27.8,27.96,873,62609
2014-11-19,28.25,27.82,27.75,27.8,655,60239
2014-11-20,28.65,28.23,27.73,27.75,740,73272
2014-11-21,28.82,28.04,27.76,28.56,1731,334621
2014-11-24,28.18,27.9,27.72,28.18,875,88301
2014-11-25,28.0,26.99,26.82,28.0,1286,126807
2014-11-26,27.5,27.43,26.66,27.0,1123,111343
2014-11-28,27.01,26.2,26.0,27.01,568,61245
2014-12-01,25.92,25.12,24.48,25.92,1941,189565
2014-12-02,25.51,25.49,24.36,25.12,1849,139962
2014-12-03,26.0,25.94,25.24,25.49,1129,79199
2014-12-04,26.9,26.84,25.75,25.75,1122,85937
2014-12-05,27.08,27.01,26.27,26.77,633,75851
2014-12-08,27.05,25.44,25.04,27.04,1166,111753
2014-12-09,25.5,24.98,24.58,25.21,1491,147876
2014-12-10,25.05,23.98,23.31,24.78,1483,157492
2014-12-11,24.78,23.45,23.33,24.04,863,93573
2014-12-12,23.45,22.85,21.89,23.26,1555,160926
2014-12-15,23.1,19.76,19.6,22.73,3095,403996
2014-12-16,21.75,21.54,18.7,19.05,2270,266751
2014-12-17,24.11,23.76,21.54,21.54,1575,153330
2014-12-18,24.26,22.6,22.59,24.1,1685,148171
2014-12-19,22.77,22.25,22.13,22.55,1905,139146
2014-12-22,22.38,21.18,21.06,22.29,1467,167251
2014-12-23,22.6,22.23,21.38,21.51,887,97767
2014-12-24,22.49,22.15,21.96,22.23,334,37602
2014-12-26,22.65,22.59,21.97,22.01,447,56250
2014-12-29,23.16,23.1,22.49,22.66,986,96052
2014-12-30,23.38,23.17,22.37,23.1,1283,120011
2014-12-31,23.4,22.41,22.19,23.11,1238,125526
2015-01-02,23.62,23.54,22.31,22.31,411,55710
2015-01-05,23.73,23.07,22.45,23.6,725,77872
2015-01-06,23.62,22.66,22.55,23.06,1066,87602
2015-01-07,23.41,22.89,22.69,22.8,724,94334
2015-01-08,24.18,23.24,23.0,23.0,1180,158447
2015-01-09,23.69,23.41,22.84,23.33,683,95541
2015-01-12,23.33,22.8,22.39,23.33,1491,334361
2015-01-13,23.19,22.45,22.06,22.9,1130,84433
2015-01-14,22.28,21.96,20.68,22.04,1494,158471
2015-01-15,22.15,21.78,21.45,22.0,706,70210
2015-01-16,23.89,23.51,21.55,21.78,1501,115790
2015-01-20,24.84,24.8,23.0,23.0,1048,107904
2015-01-21,25.44,25.03,24.38,24.74,653,57185
2015-01-22,25.25,24.71,24.26,25.04,617,70216
2015-01-23,25.21,24.54,24.41,24.71,600,43476
2015-01-26,26.14,26.05,25.25,25.4,808,105682
2015-01-27,26.17,26.11,25.49,25.9,946,71343
2015-01-28,26.26,25.42,24.95,26.25,883,90220
2015-01-29,25.99,25.86,25.14,25.73,844,119363
2015-01-30,25.4,25.18,24.74,24.97,732,69009
2015-02-02,25.36,24.87,24.6,25.36,1107,72551
2015-02-03,25.18,24.66,24.62,25.0,999,110228
2015-02-04,24.7,24.5,24.24,24.29,450,61152
2015-02-05,25.14,24.82,24.5,24.62,571,60162
2015-02-06,25.21,25.12,24.8,25.04,494,61449
2015-02-09,25.5,25.4,25.16,25.22,624,61995
2015-02-10,25.81,25.2,24.89,25.81,521,50743
2015-02-11,25.16,24.6,24.42,25.02,520,57691
2015-02-12,25.11,25.06,24.64,25.1,424,206714
2015-02-13,25.64,25.38,25.14,25.48,469,73328
2015-02-17,25.76,25.59,25.02,25.66,338,64297
2015-02-18,25.96,25.94,25.22,25.5,339,73347
2015-02-19,26.12,25.67,25.53,25.83,664,71051
2015-02-20,26.49,26.45,25.5,25.6,721,80320
2015-02-23,26.83,26.45,26.25,26.5,511,89380
2015-02-24,26.98,26.81,26.31,26.36,385,46832
2015-02-25,27.35,27.26,26.68,26.95,412,46352
2015-02-26,27.96,27.85,27.19,27.21,700,94770
2015-02-27,28.5,27.84,27.25,28.14,1364,178423
2015-03-02,29.0,29.0,27.4,27.6,1271,157603
2015-03-03,28.82,28.19,28.17,28.52,1085,103251
2015-03-04,28.4,28.21,28.1,28.4,628,91964
2015-03-05,28.99,28.74,28.3,28.3,468,60667
2015-03-06,29.11,28.37,28.37,28.72,865,97038
2015-03-09,28.6,27.84,27.55,28.58,907,106156
2015-03-10,25.48,24.7,24.57,25.0,7949,2607564
2015-03-11,25.12,24.89,24.73,24.82,1691,325477
2015-03-12,25.2,24.65,24.5,24.98,959,201920
2015-03-13,24.87,24.78,24.25,24.64,1540,278068
2015-03-16,24.97,24.82,24.0,24.78,1081,146369
2015-03-17,25.05,24.84,24.5,24.57,856,104728
2015-03-18,26.1,25.87,25.1,25.18,1792,272694
2015-03-19,26.35,26.28,25.55,25.79,620,102762
2015-03-20,26.6,25.75,25.75,26.36,814,296780
2015-03-23,26.66,26.31,25.66,25.75,1029,155172
2015-03-24,26.37,25.94,25.9,26.0,450,50891
2015-03-25,26.06,25.83,25.75,25.87,740,92353
2015-03-26,26.02,25.44,25.26,26.02,626,91475
2015-03-27,25.53,25.36,25.25,25.51,461,62092
2015-03-30,25.41,24.84,24.67,25.4,727,119002
2015-03-31,24.92,24.05,24.02,24.76,819,114309
2015-04-01,24.7,24.58,24.03,24.03,370,51280
2015-04-02,25.05,24.73,24.57,24.57,592,51417
2015-04-06,25.415,25.23,24.79,24.79,366,47680
2015-04-07,25.835,25.51,25.21,25.28,491,67270
2015-04-08,26.03,25.41,25.35,25.69,720,91461
2015-04-09,26.9,26.69,25.48,25.48,1431,372778
2015-04-10,27.0,26.76,26.65,26.67,879,143199
2015-04-13,27.16,27.04,26.72,26.9,833,109065
2015-04-14,27.22,26.64,26.545,27.1,403,58668
2015-04-15,27.24,26.82,26.6,26.6,611,83125
2015-04-16,27.2,26.84,26.73,26.73,329,61782
2015-04-17,27.09,26.41,26.31,26.97,373,37124
2015-04-20,27.14,26.92,26.66,26.66,353,57435
2015-04-21,27.64,27.1,27.09,27.13,543,98564
2015-04-22,27.92,27.54,27.05,27.32,606,122982
2015-04-23,27.99,27.69,27.33,27.55,504,73412
2015-04-24,27.83,27.83,27.5,27.7,383,52642
2015-04-27,27.85,27.67,27.64,27.85,311,35918
2015-04-28,27.95,27.86,27.65,27.65,393,59914
2015-04-29,28.48,28.2,27.56,27.66,722,91447
2015-04-30,28.38,27.82,27.75,28.25,593,96168
2015-05-01,27.73,27.42,26.65,27.02,573,91234
2015-05-04,27.62,26.54,26.16,27.61,980,148619
2015-05-05,27.04,26.56,26.56,26.7,523,58076
2015-05-06,27.38,26.96,26.6,27.0,611,92800
2015-05-07,27.18,26.45,26.2,27.18,793,100681
2015-05-08,27.36,26.91,26.3,26.45,470,51828
2015-05-11,27.15,26.71,26.35,26.56,519,65721
2015-05-12,27.01,27.01,26.39,26.75,523,72049
2015-05-13,27.12,26.88,26.6,27.11,301,34317
2015-05-14,27.53,27.27,26.91,27.03,585,67168
2015-05-15,27.88,27.26,27.05,27.59,799,119169
2015-05-18,27.76,27.32,27.225,27.58,572,75320
2015-05-19,27.5,27.24,26.95,27.5,436,58553
2015-05-20,27.34,27.06,26.78,26.99,512,63191
2015-05-21,27.4,26.96,26.95,27.23,397,45822
2015-05-22,27.0,26.78,26.6,26.9,277,39935
2015-05-26,27.125,26.95,26.3,26.75,488,63118
2015-05-27,27.43,27.1,26.87,27.25,309,39744
2015-05-28,27.07,26.81,26.65,26.89,320,27100
2015-05-29,26.8,26.63,26.38,26.72,821,94878
2015-06-01,26.8,26.59,26.39,26.4,299,38325
2015-06-02,26.83,26.72,26.51,26.59,335,31501
2015-06-03,26.84,26.55,26.54,26.84,474,38688
2015-06-04,26.67,26.34,26.11,26.5,554,87490
2015-06-05,26.67,26.38,26.15,26.15,384,38530
2015-06-08,26.97,25.63,25.5,26.63,719,123662
2015-06-09,25.71,25.19,24.47,25.5,1663,219973
2015-06-10,25.75,24.97,24.93,25.15,687,133608
2015-06-11,25.25,24.93,24.81,25.06,697,81702
2015-06-12,24.91,24.64,24.56,24.91,545,93556
2015-06-15,25.05,24.77,24.5,24.5,566,76932
2015-06-16,24.84,24.61,24.5,24.71,479,68694
2015-06-17,25.83,25.7,24.65,24.75,777,88913
2015-06-18,25.97,25.78,25.26,25.65,656,96741
2015-06-19,26.67,26.4,25.9,25.92,585,171087
2015-06-22,26.96,26.83,26.55,26.79,535,89456
2015-06-23,27.0,26.69,26.56,26.9,395,42093
2015-06-24,26.75,26.63,26.44,26.6,342,43619
2015-06-25,26.93,26.72,26.45,26.57,500,50096
2015-06-26,26.99,26.45,26.2,26.75,395,54328
2015-06-29,26.35,25.95,25.63,26.1,579,93658
2015-06-30,26.15,25.46,25.05,26.09,795,103434
2015-07-01,26.18,25.8,25.44,25.45,469,53782
2015-07-02,26.64,26.18,25.75,25.75,362,42106
2015-07-06,26.38,26.36,25.89,26.15,476,62295
2015-07-07,26.86,26.7,25.9,26.24,832,87284
2015-07-08,26.6,26.39,26.235,26.48,684,74003
2015-07-09,26.88,26.78,26.43,26.79,544,64092
2015-07-10,27.75,27.11,26.84,26.95,910,149968
2015-07-13,27.62,27.42,27.01,27.03,496,64007
2015-07-14,27.95,27.55,27.44,27.59,583,55989
2015-07-15,27.69,27.63,27.27,27.59,773,74530
2015-07-16,28.25,28.25,27.45,27.78,628,95457
2015-07-17,28.27,27.82,27.82,28.27,496,66036
2015-07-20,28.0,27.42,27.3,27.92,593,81855
2015-07-21,27.9,27.16,27.01,27.56,550,63832
2015-07-22,27.33,27.0,26.93,27.17,737,80033
2015-07-23,27.18,26.64,26.2,27.18,613,73043
2015-07-24,27.22,27.14,26.57,26.7,687,75381
2015-07-27,27.87,27.55,26.85,26.86,827,79255
2015-07-28,28.32,27.67,27.51,27.7,885,127757
2015-07-29,28.26,28.12,27.37,28.0,693,95280
2015-07-30,28.3,28.18,27.72,28.3,596,89897
2015-07-31,27.8,27.35,27.12,27.67,589,92921
2015-08-03,27.66,26.57,26.37,27.66,810,108028
2015-08-04,27.03,26.6,26.36,26.5,642,108647
2015-08-05,27.12,25.4,25.33,26.75,1043,109008
2015-08-06,25.25,24.94,23.08,25.25,2753,347357
2015-08-07,25.07,24.57,24.52,24.63,474,61369
2015-08-10,26.55,26.38,24.6,24.6,795,96923
2015-08-11,26.48,26.2,25.98,26.48,493,60105
2015-08-12,26.47,26.4,25.9,25.9,377,38881
2015-08-13,26.75,26.69,26.21,26.5,373,54168
2015-08-14,27.12,26.37,26.31,26.8,573,117908
2015-08-17,26.92,26.64,26.01,26.01,575,241321
2015-08-18,26.89,26.62,26.325,26.73,229,22160
2015-08-19,26.76,26.2,25.855,26.76,395,63352
2015-08-20,26.44,26.0,25.79,26.25,553,66713
2015-08-21,26.13,25.21,25.0,25.85,775,96203
2015-08-24,24.67,23.95,18.26,23.49,1506,287836
2015-08-25,25.45,24.59,24.26,24.7,452,79366
2015-08-26,25.13,24.77,24.3,24.66,671,99910
2015-08-27,26.4,25.61,25.19,25.4,541,72322
2015-08-28,26.75,26.11,25.49,25.5,480,59155
2015-08-31,26.74,25.91,25.79,26.14,399,55115
2015-09-01,25.8,25.32,25.16,25.5,344,55974
2015-09-02,25.66,25.64,24.55,25.31,567,68194
2015-09-03,26.55,25.96,25.47,25.53,586,81588
2015-09-04,25.66,25.62,25.4,25.45,311,42078
2015-09-08,26.01,25.83,25.45,25.85,434,62536
2015-09-09,26.035,25.53,25.53,25.84,228,27053
2015-09-10,25.565,25.18,25.0,25.35,490,73825
2015-09-11,25.01,24.77,24.46,25.0,593,102465
2015-09-14,24.85,24.36,24.14,24.71,450,58890
2015-09-15,24.6,24.13,23.79,24.31,469,54945
2015-09-16,24.67,24.55,24.02,24.02,411,53169
2015-09-17,25.03,24.87,24.3,24.64,404,57653
2015-09-18,25.07,24.97,24.46,24.53,429,129383
2015-09-21,25.49,25.28,24.85,24.93,427,48111
2015-09-22,25.68,25.43,25.1,25.25,487,78837
2015-09-23,25.76,25.37,25.22,25.59,434,49434
2015-09-24,25.38,24.77,24.42,25.3,715,97634
2015-09-25,24.86,24.42,24.17,24.76,618,64048
2015-09-28,24.56,23.57,23.29,24.31,809,95134
2015-09-29,24.05,22.78,22.56,23.45,1062,119003
2015-09-30,24.48,24.28,22.83,22.83,1127,126563
2015-10-01,25.48,24.76,24.22,24.44,883,83101
2015-10-02,25.75,25.52,24.44,24.46,866,98832
2015-10-05,26.7,26.26,25.5,25.5,750,78634
2015-10-06,26.81,26.36,26.0,26.15,672,65439
2015-10-07,26.85,26.8,26.35,26.57,359,45504
2015-10-08,27.49,27.3,26.66,26.89,401,51274
2015-10-09,27.59,26.44,26.39,27.59,659,101373
2015-10-12,26.34,25.99,25.83,26.34,644,73309
2015-10-13,26.1,25.74,25.38,25.8,715,77168
2015-10-14,26.8,26.56,25.76,25.76,358,53533
2015-10-15,26.93,26.52,26.34,26.72,293,36852
2015-10-16,27.37,27.33,26.48,26.48,457,53402
2015-10-19,27.28,26.7,26.23,27.28,371,54841
2015-10-20,26.68,26.25,26.09,26.68,260,39176
2015-10-21,26.45,26.13,25.84,26.31,247,46727
2015-10-22,26.28,26.14,25.79,26.24,252,37382
2015-10-23,26.8,26.34,26.11,26.27,336,54110
2015-10-26,27.0,26.51,26.1,26.22,245,30520
2015-10-27,27.4,27.34,26.28,26.45,381,41738
2015-10-28,27.68,27.33,26.54,26.92,436,58047
2015-10-29,27.54,27.37,27.12,27.54,680,97118
2015-10-30,27.02,26.68,26.4,26.6,351,52980
2015-11-02,27.04,26.81,26.46,26.68,409,44248
2015-11-03,27.17,26.92,26.81,26.81,554,67333
2015-11-04,27.6,26.8,26.43,27.19,623,65982
2015-11-05,26.85,26.53,26.32,26.43,845,98923
2015-11-06,27.0,26.25,26.155,26.4,345,51215
2015-11-09,26.42,26.1,25.8,26.4,377,46596
2015-11-10,26.3,25.87,25.79,26.21,328,32872
2015-11-11,25.84,25.46,25.17,25.84,411,55005
2015-11-12,25.37,24.92,24.75,25.15,785,86174
2015-11-13,25.96,25.63,24.9,25.11,429,68974
2015-11-16,26.74,26.35,25.33,25.92,1027,117000
2015-11-17,26.51,26.09,25.5,25.9,395,62905
2015-11-18,26.65,26.44,26.12,26.59,243,36061
2015-11-19,26.52,26.29,26.18,26.5,266,31769
2015-11-20,26.37,25.89,25.76,26.26,414,46151
2015-11-23,26.4,26.24,25.81,26.22,437,58273
2015-11-24,26.58,25.91,25.48,26.29,462,50845
2015-11-25,26.2,25.9,25.62,25.97,383,44244
2015-11-27,26.15,26.06,25.72,25.72,123,16145
2015-11-30,26.2,25.44,25.34,26.19,654,92852
2015-12-01,25.6,25.43,25.11,25.39,857,155501
2015-12-02,25.43,24.99,24.61,25.4,1244,212036
2015-12-03,24.99,24.74,24.05,24.99,1106,113919
2015-12-04,25.18,24.54,24.28,24.43,1412,113423
2015-12-07,24.31,23.41,23.32,24.31,1812,246005
2015-12-08,24.08,23.83,22.86,23.3,474,79984
2015-12-09,25.21,24.74,23.95,23.95,1125,104635
2015-12-10,24.88,23.5,23.49,24.51,745,110643
2015-12-11,23.26,22.35,21.86,23.26,1328,158714
2015-12-14,22.41,21.07,21.06,22.35,1174,175899
2015-12-15,21.46,20.93,20.32,21.03,1206,136093
2015-12-16,21.3,20.16,20.09,20.83,2359,281605
2015-12-17,20.15,18.07,17.765,20.06,3085,556940
2015-12-18,20.03,19.33,17.72,17.98,1411,213518
2015-12-21,19.5,18.89,18.6,19.45,931,145507
2015-12-22,20.125,19.86,18.77,18.77,868,103800
2015-12-23,20.95,20.57,20.1,20.14,596,68218
2015-12-24,20.7,20.43,20.2,20.6,449,56124
2015-12-28,20.26,19.76,19.2,20.21,1026,128382
2015-12-29,20.64,20.33,19.52,19.79,1260,119233
2015-12-30,20.2,19.87,19.53,20.06,637,78818
2015-12-31,20.06,19.91,19.48,19.72,813,109974
2016-01-04,20.17,19.82,19.16,19.5,551,81652
2016-01-05,20.27,20.2,19.58,19.98,354,65804
2016-01-06,20.02,19.62,19.28,20.02,550,100740
2016-01-07,19.45,18.91,18.55,19.26,866,124226
2016-01-08,19.49,18.84,18.78,19.17,715,118529
2016-01-11,18.84,18.03,17.77,18.75,1296,152484
2016-01-12,18.48,17.45,16.61,18.0,1214,165314
2016-01-13,17.93,15.99,15.64,17.7,1047,123997
2016-01-14,17.31,17.19,15.56,15.8,1333,188138
2016-01-15,16.96,16.42,16.06,16.36,1006,118748
2016-01-19,16.59,15.34,15.08,16.08,770,125531
2016-01-20,16.55,16.24,14.52,15.7,2091,301818
2016-01-21,18.43,17.88,16.21,16.39,1446,159703
2016-01-22,19.21,18.5,18.02,18.48,1425,189211
2016-01-25,18.97,18.16,18.01,18.53,1157,137580
2016-01-26,18.96,18.94,17.99,18.26,766,88076
2016-01-27,19.01,18.23,18.05,18.93,1013,122988
2016-01-28,18.97,18.17,18.01,18.97,871,110746
2016-01-29,17.88,16.83,16.58,17.52,1016,142214
2016-02-01,16.8,16.13,16.01,16.8,1125,139289
2016-02-02,16.26,15.75,15.11,16.02,709,147568
2016-02-03,16.01,15.42,14.75,15.81,734,111779
2016-02-04,16.31,15.65,15.5,15.67,638,78931
2016-02-05,15.8,15.28,15.17,15.5,515,70828
2016-02-08,15.02,14.74,14.12,15.02,885,145462
2016-02-09,14.7,13.73,13.47,14.7,953,164135
2016-02-10,14.11,13.81,13.41,14.0,652,99160
2016-02-11,13.65,12.38,12.16,13.5,1344,185574
2016-02-12,13.36,12.85,12.5,13.27,1055,176416
2016-02-16,14.28,14.08,12.95,12.95,1095,172952
2016-02-17,13.33,12.3,11.61,12.9,1742,244040
2016-02-18,12.65,10.82,10.535,12.49,2645,333537
2016-02-19,10.81,9.58,9.015,10.81,3489,546922
2016-02-22,10.07,9.62,9.61,9.69,1647,265530
2016-02-23,9.75,8.79,8.7,9.75,1231,206180
2016-02-24,9.28,9.22,7.84,8.57,895,129628
2016-02-25,9.3,9.07,8.73,9.27,889,121714
2016-02-26,9.96,9.55,9.38,9.5,710,107924
2016-02-29,9.81,9.71,9.42,9.79,599,99748
2016-03-01,9.82,9.51,9.1,9.8,832,166393
2016-03-02,10.21,10.08,9.25,9.48,970,322059
2016-03-03,11.07,10.88,9.98,10.15,1032,151313
2016-03-04,11.54,10.98,10.84,11.08,957,152183
2016-03-07,12.95,12.94,11.0,11.02,1238,188123
2016-03-08,12.95,11.53,11.51,12.91,750,122121
2016-03-09,12.13,11.86,11.51,11.53,903,116793
2016-03-10,12.0,11.14,11.04,11.98,572,82463
2016-03-11,11.95,11.92,11.21,11.21,778,133348
2016-03-14,11.88,11.68,11.39,11.76,446,55555
2016-03-15,11.65,11.56,11.24,11.65,533,67259
2016-03-16,12.365,12.29,11.57,11.57,536,62517
2016-03-17,13.18,13.12,12.26,12.39,944,106570
2016-03-18,14.08,13.88,13.26,13.26,1144,279158
2016-03-21,13.99,13.43,12.99,13.99,1009,141056
2016-03-22,13.81,13.52,13.1,13.17,617,81146
2016-03-23,13.36,11.73,11.63,13.36,955,143213
2016-03-24,11.83,11.33,11.2,11.54,627,76831
2016-03-28,11.78,11.46,11.41,11.41,305,56424
2016-03-29,11.43,11.42,11.04,11.35,443,61178
2016-03-30,12.635,11.13,11.1,11.99,755,115038
2016-03-31,11.765,11.75,11.0,11.0,634,113555
2016-04-01,11.5,11.16,11.05,11.5,764,105989
2016-04-04,11.5,11.11,11.08,11.16,539,86634
2016-04-05,11.51,11.25,11.01,11.06,606,63192
2016-04-06,11.54,11.31,11.07,11.5,502,92053
2016-04-07,11.96,11.78,11.18,11.18,862,128322
2016-04-08,12.48,12.39,11.9,11.95,712,141807
2016-04-11,12.23,11.73,11.41,12.0,984,144916
2016-04-12,12.39,12.02,11.5,11.5,873,103736
2016-04-13,12.14,11.79,11.71,12.02,548,95129
2016-04-14,11.99,11.09,11.0,11.93,1094,136904
2016-04-15,11.11,10.27,10.17,11.0,1052,199272
2016-04-18,6.12,5.3,4.9,4.97,8639,2053334
2016-04-19,5.19,4.63,4.45,5.06,2906,719875
2016-04-20,5.38,5.2,4.64,4.65,2026,447629
2016-04-21,5.34,4.83,4.77,5.24,1053,234083
2016-04-22,4.99,4.85,4.7,4.99,822,214651
2016-04-25,4.84,4.72,4.61,4.75,644,140202
2016-04-26,4.86,4.8,4.62,4.73,543,117227
2016-04-27,5.14,4.97,4.83,4.9,544,146472
2016-04-28,5.0,4.79,4.76,4.97,713,104142
2016-04-29,4.93,4.6,4.59,4.84,857,172240
2016-05-02,4.59,4.3,4.18,4.57,935,179959
2016-05-03,4.16,4.08,4.04,4.16,586,238695
2016-05-04,4.26,4.01,3.94,4.09,579,117318
2016-05-05,4.44,4.11,3.975,4.37,1145,244327
2016-05-06,4.29,4.09,4.05,4.19,424,88434
2016-05-09,4.12,3.72,3.69,4.09,751,197335
2016-05-10,4.03,3.92,3.56,3.7,437,136788
2016-05-11,3.99,3.88,3.74,3.99,851,193308
2016-05-12,4.05,3.8,3.77,3.98,692,118130
2016-05-13,3.83,3.68,3.57,3.79,713,118532
2016-05-16,3.89,3.72,3.7,3.76,946,227364
2016-05-17,3.86,3.68,3.64,3.73,1300,223499
2016-05-18,3.76,3.61,3.6,3.68,925,205437
2016-05-19,3.68,3.64,3.48,3.64,863,187719
2016-05-20,3.76,3.63,3.6,3.76,488,114337
2016-05-23,3.68,3.5,3.485,3.62,547,106250
2016-05-24,3.57,3.5,3.44,3.53,571,135379
2016-05-25,3.6,3.54,3.42,3.51,673,127203
2016-05-26,3.945,3.86,3.54,3.61,888,177062
2016-05-27,4.07,4.06,3.75,3.85,838,201282
2016-05-31,4.47,4.38,4.09,4.1,864,176661
2016-06-01,4.46,4.38,4.14,4.37,839,344324
2016-06-02,4.4,4.38,4.25,4.34,705,103725
2016-06-03,4.38,4.24,4.14,4.38,521,74331
2016-06-06,4.38,4.34,4.25,4.26,313,70847
2016-06-07,5.2,4.96,4.37,4.37,1232,293041
2016-06-08,5.84,5.7,5.04,5.05,2118,520090
2016-06-09,5.82,5.44,5.35,5.8,1322,286525
2016-06-10,5.44,5.06,5.02,5.4,1514,250774
2016-06-13,5.09,4.78,4.62,5.09,911,171425
2016-06-14,5.12,4.95,4.61,4.8,1156,200349
2016-06-15,5.17,5.11,4.82,4.98,1107,194338
2016-06-16,5.35,5.2,4.73,5.02,1300,202510
2016-06-17,5.61,5.08,5.04,5.35,1080,1539316
2016-06-20,5.25,5.15,5.05,5.25,436,89144
2016-06-21,5.15,4.98,4.89,5.15,633,125925
2016-06-22,5.09,4.92,4.825,5.06,464,73714
2016-06-23,5.03,4.98,4.825,5.03,669,110533
2016-06-24,4.94,4.81,4.61,4.72,613,101251
2016-06-27,4.75,4.31,4.25,4.72,689,108498
2016-06-28,4.75,4.75,4.51,4.54,416,86872
2016-06-29,5.15,4.91,4.79,4.79,571,112065
2016-06-30,4.92,4.9,4.63,4.84,469,160320
2016-07-01,5.07,4.83,4.75,4.84,412,61791
2016-07-05,4.73,4.65,4.52,4.71,460,95691
2016-07-06,4.61,4.56,4.5,4.6,230,42143
2016-07-07,4.72,4.43,4.36,4.6,243,76169
2016-07-08,4.68,4.53,4.44,4.5,278,46117
2016-07-11,4.64,4.52,4.44,4.6,239,62202
2016-07-12,4.68,4.64,4.56,4.57,334,132426
2016-07-13,4.75,4.52,4.5,4.64,208,45722
2016-07-14,4.65,4.54,4.48,4.55,281,55713
2016-07-15,4.595,4.55,4.48,4.54,172,33720
2016-07-18,4.67,4.5,4.44,4.55,231,50640
2016-07-19,4.69,4.66,4.5,4.5,264,57940
2016-07-20,5.01,4.98,4.56,4.6,533,152838
2016-07-21,5.26,4.97,4.93,5.0,328,74259
2016-07-22,5.025,4.85,4.81,4.98,397,91805
2016-07-25,4.81,4.7,4.65,4.76,361,60947
2016-07-26,4.88,4.84,4.66,4.66,323,60570
2016-07-27,5.07,4.82,4.77,4.86,327,44439
2016-07-28,4.82,4.8,4.71,4.77,269,52786
2016-07-29,4.94,4.71,4.67,4.76,270,50485
2016-08-01,4.7,4.5,4.5,4.65,278,52346
2016-08-02,4.7,4.58,4.41,4.5,349,91549
2016-08-03,4.78,4.67,4.47,4.53,153,30857
2016-08-04,4.64,4.48,4.46,4.5,325,69717
2016-08-05,4.99,4.88,4.42,4.42,470,90978
2016-08-08,5.23,5.01,4.95,4.98,371,98385
2016-08-09,5.19,4.98,4.94,5.01,401,66073
2016-08-10,5.03,4.77,4.76,4.96,413,57887
2016-08-11,4.96,4.9,4.77,4.78,124,22819
2016-08-12,5.18,5.11,4.9,4.94,328,72822
2016-08-15,5.73,5.67,5.06,5.06,697,196608
2016-08-16,5.88,5.54,5.42,5.66,486,97793
2016-08-17,5.67,5.55,5.5,5.55,223,64457
2016-08-18,5.87,5.56,5.495,5.59,577,95958
2016-08-19,5.7,5.65,5.51,5.59,399,92321
2016-08-22,5.62,5.5,5.37,5.58,349,73521
2016-08-23,5.675,5.61,5.4,5.48,406,57945
2016-08-24,5.63,5.51,5.36,5.58,365,48659
2016-08-25,5.56,5.51,5.475,5.5,305,45601
2016-08-26,5.67,5.48,5.47,5.62,354,82816
2016-08-29,5.66,5.58,5.44,5.44,325,51671
2016-08-30,5.66,5.6,5.52,5.58,254,73600
2016-08-31,5.65,5.57,5.54,5.55,258,42505
2016-09-01,5.575,5.51,5.38,5.55,276,62784
2016-09-02,5.58,5.47,5.42,5.52,337,49516
2016-09-06,5.53,5.45,5.41,5.43,272,54590
2016-09-07,5.64,5.63,5.44,5.44,243,43319
2016-09-08,6.415,6.33,5.65,5.65,962,242044
2016-09-09,6.27,6.1,6.08,6.21,613,117915
2016-09-12,6.29,6.12,5.75,6.0,321,53596
2016-09-13,6.06,5.96,5.78,6.0,564,102835
2016-09-14,6.1,5.87,5.81,5.93,560,110593
2016-09-15,6.27,6.15,5.85,5.85,556,87662
2016-09-16,6.13,5.99,5.91,6.08,320,74754
2016-09-19,6.01,5.75,5.75,5.95,448,78568
2016-09-20,5.73,5.41,5.4,5.7,388,64422
2016-09-21,5.63,5.37,5.3,5.52,284,50194
2016-09-22,5.51,5.16,5.1,5.44,366,88768
2016-09-23,5.25,5.17,5.01,5.12,409,147606
2016-09-26,5.2,4.97,4.97,5.2,184,44405
2016-09-27,5.05,4.96,4.93,4.99,181,56612
2016-09-28,5.075,4.95,4.9,4.98,318,97745
2016-09-29,5.09,4.71,4.68,4.97,351,96751
2016-09-30,4.85,4.51,4.5,4.71,692,156723
2016-10-03,4.64,4.37,4.37,4.51,248,57345
2016-10-04,4.47,4.19,4.17,4.35,310,66389
2016-10-05,4.58,4.4,4.21,4.21,318,63507
2016-10-06,4.53,4.37,4.36,4.4,201,89266
2016-10-07,4.34,4.2,4.11,4.34,252,55632
2016-10-10,4.33,4.1,4.065,4.25,228,41622
2016-10-11,4.12,3.99,3.88,4.06,290,81237
2016-10-12,4.11,4.02,3.89,4.0,194,46002
2016-10-13,4.1,3.99,3.9,4.0,160,40132
2016-10-14,4.01,3.88,3.86,4.0,216,38490
2016-10-17,3.85,3.8,3.75,3.8,62,21648
2016-10-18,3.85,3.8,3.8,3.85,52,6213
2016-10-19,3.95,3.9,3.8,3.8,66,14309
2016-10-20,3.95,3.95,3.85,3.9,55,24620
2016-10-21,4.15,4.1,3.9,4.0,85,60271
2016-10-24,4.15,3.85,3.75,4.15,96,45804
2016-10-25,3.95,3.7,3.7,3.75,93,42325
2016-10-26,3.8,3.7,3.65,3.7,60,18016
2016-10-27,3.7,3.65,3.65,3.65,41,23865
2016-10-28,3.675,3.5,3.5,3.6,53,44619
2016-10-31,3.525,3.5,3.5,3.5,42,36014
2016-11-01,3.55,3.55,3.5,3.55,206,35370
2016-11-02,3.55,3.55,3.475,3.55,133,49561
2016-11-03,3.5,3.15,2.8,3.5,185,70250
2016-11-04,3.5,3.25,3.15,3.25,69,50839
2016-11-07,3.4,3.35,3.325,3.4,38,21825
2016-11-08,3.55,3.4,3.35,3.35,57,25510
2016-11-09,3.7,3.65,3.45,3.45,83,38190
2016-11-10,4.35,4.1,3.8,3.8,341,92864
2016-11-11,4.35,4.0,3.925,4.1,159,50128
2016-11-14,4.2,4.2,4.05,4.1,329,60028
2016-11-15,4.5,4.45,4.25,4.25,111,54672
2016-11-16,4.85,4.8,4.55,4.55,159,55594
2016-11-17,4.95,4.7,4.65,4.85,330,75460
2016-11-18,4.725,4.65,4.55,4.7,126,39211
2016-11-21,4.8,4.65,4.65,4.75,68,26649
2016-11-22,4.85,4.55,4.525,4.7,153,39523
2016-11-23,4.5,4.45,4.35,4.5,85,27772
2016-11-25,4.5,4.25,4.25,4.45,50,12477
2016-11-28,4.25,3.95,3.85,4.25,222,71485
2016-11-29,3.9,3.8,3.65,3.9,314,53351
2016-11-30,4.35,4.0,3.95,4.0,109,44546
2016-12-01,4.325,4.25,4.05,4.05,81,27650
2016-12-02,4.5,4.4,4.25,4.25,128,37500
2016-12-05,4.7,4.65,4.4,4.4,142,39439
2016-12-06,4.85,4.75,4.5,4.6,175,50689
2016-12-07,4.85,4.4,4.4,4.7,151,31563
2016-12-08,4.8,4.6,4.4,4.4,319,66032
2016-12-09,4.7,4.55,4.4,4.6,252,56467
2016-12-12,4.75,4.45,4.25,4.7,186,60299
2016-12-13,4.5,4.25,4.25,4.5,92,23148
2016-12-14,4.25,4.1,4.05,4.25,112,27742
2016-12-15,4.25,4.25,4.025,4.1,290,51799
2016-12-16,4.5,4.3,4.25,4.3,160,39084
2016-12-19,4.4,4.1,4.1,4.25,154,41564
2016-12-20,4.2,3.9,3.9,4.1,181,81969
2016-12-21,4.1,4.05,3.75,3.95,329,115936
2016-12-22,4.4,4.15,3.9,3.9,359,104746
2016-12-23,4.3,4.25,4.1,4.1,92,52783
2016-12-27,4.375,4.05,4.0,4.3,317,132178
2016-12-28,4.1,4.1,3.95,4.0,159,53716
2016-12-29,4.15,4.05,4.0,4.05,109,74790
2016-12-30,4.0,4.0,3.95,4.0,155,36766
2017-01-03,4.15,4.0,3.925,4.05,99,34319
2017-01-04,4.525,4.4,4.05,4.05,233,90013
2017-01-05,4.65,4.5,4.35,4.45,173,59496
2017-01-06,4.6,4.6,4.4,4.6,92,35946
2017-01-09,4.675,4.3,4.3,4.6,200,43699
2017-01-10,4.425,4.3,4.3,4.3,41,18550
2017-01-11,4.475,4.45,4.35,4.35,79,17093
2017-01-12,4.5,4.3,4.3,4.45,53,26059
2017-01-13,4.4,4.3,4.25,4.25,46,8466
2017-01-17,4.35,4.3,4.25,4.3,45,18564
2017-01-18,4.275,4.2,4.2,4.25,23,8518
2017-01-19,4.2,4.05,4.05,4.2,66,28644
2017-01-20,4.175,4.15,4.025,4.1,84,18283
2017-01-23,4.1,4.0,3.9,4.1,171,55176
2017-01-24,4.175,4.15,4.0,4.0,168,50492
2017-01-25,4.25,4.2,4.1,4.15,103,31935
2017-01-26,4.375,4.15,4.15,4.15,297,58543
2017-01-27,4.25,4.2,4.15,4.15,120,26241
2017-01-30,4.175,4.1,4.05,4.15,55,18125
2017-01-31,4.1,3.95,3.95,4.1,82,29133
2017-02-01,4.1,3.95,3.95,4.0,47,13478
2017-02-02,4.1,4.05,3.9,3.95,79,23474
2017-02-03,4.1,4.1,4.05,4.1,29,15993
2017-02-06,4.1,3.9,3.9,4.1,105,30549
2017-02-07,3.975,3.85,3.85,3.9,85,31645
2017-02-08,3.85,3.8,3.8,3.85,43,11915
2017-02-09,3.825,3.8,3.775,3.8,97,23723
2017-02-10,3.875,3.85,3.8,3.8,82,22791
2017-02-13,3.85,3.8,3.775,3.85,128,17510
2017-02-14,3.8,3.775,3.75,3.8,27,14102
2017-02-15,3.825,3.825,3.7,3.8,183,83154
2017-02-16,4.0,3.95,3.75,3.75,103,48161
2017-02-17,3.9,3.9,3.875,3.9,8,8502
2017-02-21,3.95,3.9,3.825,3.95,41,33000
2017-02-22,3.85,3.8,3.725,3.85,198,55364
2017-02-23,4.025,4.0,3.75,3.8,174,55934
2017-02-24,3.9,3.8,3.7,3.85,210,54134
2017-02-27,3.9,3.9,3.75,3.75,47,20391
2017-02-28,3.95,3.95,3.85,3.95,62,42459
2017-03-01,3.975,3.95,3.925,3.95,77,35839
2017-03-02,4.075,3.95,3.9,4.0,119,65476
2017-03-03,4.0,4.0,3.925,4.0,50,30903
2017-03-06,4.05,3.9,3.825,4.05,56,30732
2017-03-07,3.9,3.85,3.825,3.9,51,25167
2017-03-08,3.9,3.7,3.7,3.9,90,65803
2017-03-09,3.8,3.65,3.55,3.8,218,83340
2017-03-10,3.7,3.65,3.65,3.65,45,31248
2017-03-13,3.8,3.75,3.65,3.65,74,28258
2017-03-14,3.75,3.65,3.625,3.75,27,21764
2017-03-15,3.65,3.6,3.6,3.65,52,24319
2017-03-16,3.775,3.7,3.6,3.6,107,51962
2017-03-17,3.9,3.8,3.7,3.75,122,149553
2017-03-20,3.9,3.85,3.775,3.8,94,41287
2017-03-21,3.85,3.75,3.675,3.85,75,26262
2017-03-22,3.8,3.8,3.625,3.7,25,18485
2017-03-23,3.825,3.8,3.7,3.75,40,15972
2017-03-24,3.8,3.8,3.6,3.65,63,59433
2017-03-27,3.75,3.75,3.65,3.7,42,23171
2017-03-28,3.75,3.7,3.65,3.7,40,15373
2017-03-29,3.8,3.8,3.7,3.7,32,10528
2017-03-30,3.8,3.75,3.75,3.8,52,12043
2017-03-31,3.8,3.8,3.675,3.75,74,25474
2017-04-03,3.775,3.7,3.675,3.75,65,20097
2017-04-04,3.8,3.8,3.7,3.7,22,24470
2017-04-05,3.8,3.75,3.7,3.8,25,22796
2017-04-06,3.75,3.75,3.65,3.75,81,23704
2017-04-07,3.725,3.7,3.65,3.7,72,35880
2017-04-10,3.725,3.7,3.7,3.7,30,11437
2017-04-11,3.8,3.8,3.725,3.75,48,52127
2017-04-12,3.8,3.65,3.65,3.75,69,53816
2017-04-13,3.8,3.65,3.65,3.7,43,29823
2017-04-17,3.675,3.575,3.55,3.65,115,61395
2017-04-18,3.55,3.55,3.525,3.55,59,34978
2017-04-19,3.55,3.55,3.45,3.5,81,35036
2017-04-20,3.55,3.5,3.5,3.55,28,13284
2017-04-21,3.55,3.55,3.5,3.5,25,15402
2017-04-24,3.7,3.7,3.55,3.55,82,42885
2017-04-25,3.725,3.7,3.625,3.7,68,30013
2017-04-26,3.7,3.7,3.625,3.65,66,18586
2017-04-27,3.675,3.65,3.575,3.65,75,25516
2017-04-28,3.625,3.6,3.575,3.6,66,21560
2017-05-01,3.6,3.6,3.55,3.55,27,16462
2017-05-02,3.625,3.6,3.55,3.6,63,23213
2017-05-03,3.575,3.5,3.45,3.55,114,38856
2017-05-04,3.9,3.9,3.675,3.8,185,97962
2017-05-05,3.9,3.9,3.8,3.85,58,26644
2017-05-08,3.95,3.95,3.875,3.9,60,27446
2017-05-09,4.475,4.2,3.925,3.95,332,128457
2017-05-10,4.5,4.375,4.25,4.4,166,131652
2017-05-11,4.5,4.45,4.4,4.45,162,67538
2017-05-12,4.725,4.65,4.5,4.5,286,94725
2017-05-15,4.925,4.85,4.65,4.75,177,81849
2017-05-16,4.9,4.7,4.7,4.9,124,46518
2017-05-17,4.7,4.45,4.425,4.65,163,40313
2017-05-18,4.475,4.4,4.35,4.4,198,65731
2017-05-19,4.45,4.4,4.35,4.4,150,49167
2017-05-22,4.45,4.25,4.25,4.4,32,24436
2017-05-23,4.275,4.2,4.2,4.25,103,23961
2017-05-24,4.275,4.25,4.2,4.2,59,28114
2017-05-25,4.25,4.05,4.05,4.25,96,41078
2017-05-26,4.1,4.0,4.0,4.1,33,19833
2017-05-30,3.95,3.9,3.9,3.95,37,21537
2017-05-31,3.95,3.9,3.8,3.85,112,30298
2017-06-01,4.05,4.0,3.9,3.95,56,27399
2017-06-02,4.025,4.0,3.95,4.0,69,38971
2017-06-05,4.075,4.05,4.0,4.05,37,18572
2017-06-06,4.2,4.15,4.05,4.05,60,108555
2017-06-07,4.35,4.2,4.15,4.15,85,136695
2017-06-08,4.2,4.15,4.15,4.15,46,22768
2017-06-09,4.25,4.2,4.15,4.15,64,20074
2017-06-12,4.425,4.4,4.2,4.2,120,64950
2017-06-13,4.5,4.45,4.3,4.45,69,120979
2017-06-14,4.5,4.2,4.2,4.4,87,42981
2017-06-15,4.35,4.2,4.15,4.15,51,12020
2017-06-16,4.3,4.3,4.15,4.2,73,11159
2017-06-19,4.35,4.2,4.2,4.25,26,17657
2017-06-20,4.15,4.1,4.075,4.15,49,17627
2017-06-21,4.1,3.95,3.95,4.1,47,22022
2017-06-22,4.125,4.1,3.95,3.95,31,17043
2017-06-23,4.15,4.1,4.025,4.1,94,15167
2017-06-26,4.1,4.1,4.025,4.1,46,14683
2017-06-27,4.15,4.15,4.05,4.1,53,18493
2017-06-28,4.225,4.2,4.1,4.1,40,14564
2017-06-29,4.225,4.2,4.1,4.2,108,30528
2017-06-30,4.25,4.25,4.15,4.2,88,28539
2017-07-03,4.25,4.2,4.2,4.25,46,13412
2017-07-05,4.2,4.2,4.175,4.2,26,11372
2017-07-06,4.2,4.15,4.125,4.2,43,14385
2017-07-07,4.1,4.05,4.05,4.1,45,16045
2017-07-10,4.15,4.15,4.0,4.0,21,17565
2017-07-11,4.2,4.2,4.175,4.2,42,9926
2017-07-12,4.2,4.2,4.175,4.2,41,16566
2017-07-13,4.2,4.2,4.125,4.15,10,6449
2017-07-14,4.15,4.15,4.125,4.15,27,9588
2017-07-17,4.25,4.25,4.1,4.1,49,24633
2017-07-18,4.45,4.45,4.25,4.25,110,32748
2017-07-19,4.7,4.7,4.45,4.45,139,40628
2017-07-20,4.95,4.95,4.7,4.75,119,54892
2017-07-21,5.2,5.15,4.85,4.95,119,94799
2017-07-24,5.25,5.2,5.075,5.25,69,39064
2017-07-25,5.35,5.35,5.2,5.2,75,28284
2017-07-26,5.4,5.4,5.3,5.35,98,40624
2017-07-27,5.35,5.2,4.975,5.35,192,54198
2017-07-28,5.35,5.25,5.2,5.2,158,45694
2017-07-31,5.3,5.2,5.05,5.25,125,34643
2017-08-01,5.25,5.2,5.175,5.2,101,26275
2017-08-02,5.2,5.15,5.0,5.2,165,48979
2017-08-03,5.4,5.35,5.15,5.2,102,46987
2017-08-04,5.75,5.25,5.225,5.7,392,152657
2017-08-07,5.3,5.25,5.0,5.3,232,82107
2017-08-08,5.725,5.55,5.3,5.3,330,116107
2017-08-09,5.55,5.3,5.275,5.55,89,25007
2017-08-10,5.35,5.1,5.1,5.35,171,48209
2017-08-11,5.45,5.45,5.05,5.05,143,47033
2017-08-14,6.15,6.0,5.65,5.7,663,172110
2017-08-15,6.85,6.55,5.9,6.05,634,216207
2017-08-16,6.65,6.2,6.125,6.55,563,132172
2017-08-17,6.55,6.15,6.1,6.25,255,73679
2017-08-18,6.625,6.55,6.05,6.2,215,85430
2017-08-21,6.85,6.75,6.5,6.6,139,67967
2017-08-22,6.85,6.7,6.525,6.75,188,50852
2017-08-23,6.75,6.55,6.55,6.75,202,80654
2017-08-24,6.7,6.6,6.55,6.55,181,84255
2017-08-25,6.65,6.55,6.55,6.65,92,36588
2017-08-28,6.75,6.6,6.55,6.55,227,123772
2017-08-29,6.9,6.8,6.6,6.65,225,58635
2017-08-30,7.9,7.35,6.85,6.85,888,190492
2017-08-31,8.05,8.0,7.35,7.45,853,283808
2017-09-01,9.1,8.4,8.1,8.1,2281,545474
2017-09-05,8.2,8.0,7.55,8.15,751,261946
2017-09-06,8.225,8.05,7.95,8.05,249,84068
2017-09-07,8.0,7.9,7.85,8.0,133,71046
2017-09-08,8.0,7.75,7.65,8.0,160,81830
2017-09-11,8.0,7.95,7.6,7.75,100,31968
2017-09-12,7.95,7.85,7.825,7.85,98,53378
2017-09-13,8.1,7.9,7.85,7.9,179,57169
2017-09-14,8.2,7.95,7.95,8.0,105,37721
2017-09-15,7.925,7.85,7.6,7.9,157,67559
2017-09-18,7.85,7.65,7.45,7.85,142,52289
2017-09-19,7.7,7.6,7.5,7.6,127,28755
2017-09-20,7.65,7.6,7.4,7.55,139,45360
2017-09-21,7.8,7.7,7.45,7.55,108,31891
2017-09-22,7.9,7.8,7.75,7.75,62,24082
2017-09-25,8.375,8.2,7.8,7.8,165,52831
2017-09-26,8.25,8.2,8.15,8.25,30,22765
2017-09-27,8.3,8.15,8.05,8.2,96,31882
2017-09-28,8.2,8.1,8.0,8.2,73,27422
2017-09-29,8.45,8.35,8.1,8.15,93,58418
2017-10-02,8.7,8.65,8.3,8.45,147,59595
2017-10-03,8.75,8.45,8.45,8.75,185,69420
2017-10-04,8.625,8.55,8.425,8.5,48,44797
2017-10-05,8.825,8.65,8.45,8.45,198,71592
2017-10-06,8.8,8.6,8.55,8.65,167,53862
2017-10-09,8.775,8.575,8.55,8.6,90,38242
2017-10-10,8.7,8.55,8.525,8.7,69,28939
2017-10-11,8.55,8.55,8.425,8.5,69,23296
2017-10-12,8.5,8.15,8.1,8.45,93,35971
2017-10-13,8.2,7.9,7.9,8.15,99,30695
2017-10-16,7.95,7.8,7.35,7.9,232,93949
2017-10-17,8.0,7.85,7.8,7.8,97,31056
2017-10-18,8.175,8.1,7.85,7.9,142,45183
2017-10-19,8.075,7.9,7.9,8.0,54,25039
2017-10-20,8.05,8.0,7.9,7.9,77,44990
2017-10-23,8.025,8.0,7.85,7.95,84,47611
2017-10-24,8.05,7.85,7.85,7.95,111,32435
2017-10-25,8.1,8.0,7.6,7.9,195,39976
2017-10-26,8.05,8.05,7.95,7.95,86,27872
2017-10-27,8.3,8.3,8.075,8.1,140,29074
2017-10-30,8.5,8.2,8.1,8.2,154,59796
2017-10-31,9.05,8.95,8.1,8.1,948,243933
2017-11-01,9.0,8.95,8.65,9.0,264,68822
2017-11-02,9.35,9.35,8.9,8.9,220,80112
2017-11-03,9.55,9.45,9.2,9.35,209,90812
2017-11-06,9.925,9.8,9.5,9.5,479,106741
2017-11-07,9.9,9.45,9.45,9.9,249,65798
2017-11-08,9.5,9.35,9.05,9.5,147,73761
2017-11-09,9.8,9.65,9.3,9.3,378,100611
2017-11-10,9.9,8.85,8.7,9.35,605,203415
2017-11-13,9.05,8.05,7.65,8.95,517,145633
2017-11-14,8.05,7.95,7.9,7.9,265,90803
2017-11-15,8.2,8.2,7.75,7.9,180,63836
2017-11-16,8.4,8.05,8.025,8.15,124,39199
2017-11-17,8.25,8.2,8.05,8.1,118,39692
2017-11-20,8.325,8.3,8.1,8.25,75,20807
2017-11-21,8.4,8.2,8.05,8.2,224,66470
2017-11-22,8.4,8.3,8.25,8.3,85,31236
2017-11-24,8.35,8.1,8.1,8.35,54,21657
2017-11-27,8.2,8.1,8.1,8.1,85,39944
2017-11-28,8.325,8.275,8.15,8.15,59,22832
2017-11-29,8.3,8.25,8.15,8.25,127,28160
2017-11-30,8.675,8.6,8.225,8.25,270,71996
2017-12-01,8.6,8.25,8.225,8.6,178,70340
2017-12-04,8.15,7.75,7.7,8.05,630,193598
2017-12-05,8.2,8.1,7.8,7.8,158,69654
2017-12-06,8.2,8.2,8.05,8.05,97,43358
2017-12-07,8.35,8.25,8.15,8.15,20,6888
2017-12-08,8.25,8.1,8.1,8.2,33,16151
2017-12-11,8.15,8.0,7.9,8.05,56,25306
2017-12-12,8.025,7.9,7.85,7.95,43,22292
2017-12-13,8.0,8.0,7.8,7.85,136,55539
2017-12-14,8.025,7.875,7.85,8.0,35,24068
2017-12-15,8.075,8.0,7.725,7.85,166,57334
2017-12-18,8.15,7.8,7.8,8.05,129,56561
2017-12-19,7.975,7.85,7.7,7.75,201,59968
2017-12-20,8.0,7.95,7.8,7.8,108,44267
2017-12-21,8.025,7.95,7.85,7.85,89,36063
2017-12-22,8.625,8.55,7.8,7.8,193,95530
2017-12-26,9.35,9.0,8.55,8.55,381,123776
2017-12-27,9.25,8.85,8.8,9.0,213,82348
2017-12-28,8.5,8.05,6.1,8.5,1829,544353
2017-12-29,8.05,7.7,7.65,8.05,272,132061
2018-01-02,7.7,7.35,7.15,7.7,473,167087
2018-01-03,7.7,7.5,7.25,7.3,195,137437
2018-01-04,7.75,7.65,7.45,7.6,209,58520
2018-01-05,7.65,7.575,7.35,7.6,193,50185
2018-01-08,7.55,7.525,7.45,7.55,34,27079
2018-01-09,7.6,7.25,7.2,7.6,196,66837
2018-01-10,7.45,7.375,7.15,7.3,138,44652
2018-01-11,7.925,7.7,7.4,7.4,200,67375
2018-01-12,8.05,7.9,7.65,7.65,218,69963
2018-01-16,8.025,7.65,7.625,7.9,201,71297
2018-01-17,8.25,7.85,7.7,7.7,176,64151
2018-01-18,7.925,7.85,7.75,7.9,111,49615
2018-01-19,7.95,7.85,7.8,7.85,64,15427
2018-01-22,8.15,8.1,7.85,7.85,89,22266
2018-01-23,8.25,8.1,8.05,8.15,60,30163
2018-01-24,8.15,8.1,7.925,8.1,90,23260
2018-01-25,8.2,7.95,7.925,8.15,103,53771
2018-01-26,8.05,8.0,7.85,8.0,100,27763
2018-01-29,7.95,7.85,7.775,7.9,95,41085
2018-01-30,7.75,7.6,7.45,7.75,279,92989
2018-01-31,7.6,7.55,7.45,7.6,84,43752
2018-02-01,7.725,7.65,7.45,7.5,114,30409
2018-02-02,7.55,7.35,7.3,7.55,90,23405
2018-02-05,7.55,7.3,7.125,7.25,198,61732
2018-02-06,7.4,7.2,7.1,7.2,124,60061
2018-02-07,7.25,7.2,7.1,7.2,111,23531
2018-02-08,7.3,7.25,7.1,7.2,95,30790
2018-02-09,7.3,7.025,6.65,7.3,250,85434
2018-02-12,7.5,7.4,7.1,7.1,108,37584
2018-02-13,7.45,7.35,7.25,7.4,63,25367
2018-02-14,7.475,7.4,7.25,7.25,63,12899
2018-02-15,7.5,7.5,7.35,7.35,78,23927
2018-02-16,7.5,7.45,7.35,7.5,89,22993
2018-02-20,7.4,7.15,7.1,7.4,130,29091
2018-02-21,7.25,7.05,7.05,7.1,142,39880
2018-02-22,7.15,6.85,6.85,7.05,210,58411
2018-02-23,7.0,7.0,6.9,6.95,92,25866
2018-02-26,7.15,7.05,6.9,6.9,51,18259
2018-02-27,7.15,6.75,6.75,7.0,136,56351
2018-02-28,6.85,6.6,6.6,6.85,260,95792
2018-03-01,6.725,6.65,6.6,6.6,146,27042
2018-03-02,6.825,6.75,6.65,6.7,317,58902
2018-03-05,6.8,6.7,6.7,6.75,213,48431
2018-03-06,7.125,7.1,6.75,6.75,251,92767
2018-03-07,7.55,7.5,7.0,7.05,219,95432
2018-03-08,8.0,7.825,7.55,7.9,499,241664
2018-03-09,7.95,7.7,7.6,7.95,117,42845
2018-03-12,7.85,7.8,7.65,7.65,143,43863
2018-03-13,7.95,7.825,7.775,7.85,139,27178
2018-03-14,7.85,7.8,7.6,7.8,65,17160
2018-03-15,7.875,7.7,7.6,7.75,106,28777
2018-03-16,7.725,7.7,7.6,7.7,79,33139
2018-03-19,7.45,6.85,6.8,7.45,582,195025
2018-03-20,7.2,6.95,6.9,6.9,163,41612
2018-03-21,7.25,7.2,6.9,6.9,76,100370
2018-03-22,7.2,7.0,6.975,7.15,66,12409
2018-03-23,7.15,6.9,6.85,7.05,208,42752
2018-03-26,6.95,6.9,6.85,6.95,53,18874
2018-03-27,7.15,7.05,6.95,6.95,115,34692
2018-03-28,7.05,7.0,6.95,7.05,79,23150
2018-03-29,7.4,7.05,6.95,6.95,162,47130
2018-04-02,7.1,6.9,6.7,7.05,100,29905
2018-04-03,6.95,6.95,6.85,6.85,13,14253
2018-04-04,6.925,6.9,6.75,6.85,38,33126
2018-04-05,7.15,7.1,6.95,6.95,39,18519
2018-04-06,7.2,7.05,6.95,7.1,53,13733
2018-04-09,7.05,6.9,6.9,7.0,64,22622
2018-04-10,7.15,7.1,6.95,6.95,60,38432
2018-04-11,7.15,7.125,7.05,7.05,58,20924
2018-04-12,7.4,7.35,7.1,7.2,83,46463
2018-04-13,7.4,7.2,7.2,7.4,23,15254
2018-04-16,7.4,7.2,7.15,7.15,44,23777
2018-04-17,7.35,7.35,7.25,7.25,53,21717
2018-04-18,7.45,7.4,7.3,7.35,48,29636
2018-04-19,7.45,7.3,7.3,7.45,31,8204
2018-04-20,7.3,7.2,7.175,7.3,20,16544
2018-04-23,7.425,7.2,7.05,7.05,73,26938
2018-04-24,7.3,7.1,7.05,7.25,48,18687
2018-04-25,7.1,7.025,7.0,7.1,34,11826
2018-04-26,7.25,7.05,7.05,7.05,117,47580
2018-04-27,7.1,7.1,6.95,7.0,59,30108
2018-04-30,7.15,7.1,6.95,7.05,44,20313
2018-05-01,7.475,7.45,6.95,7.1,114,31311
2018-05-02,7.675,7.5,7.45,7.45,238,81188
2018-05-03,7.5,7.4,7.25,7.3,110,63637
2018-05-04,7.65,7.55,7.35,7.35,41,20598
2018-05-07,7.6,7.6,7.5,7.5,44,16741
2018-05-08,7.6,7.6,7.4,7.6,43,15026
2018-05-09,7.6,7.2,7.15,7.6,112,50708
2018-05-10,7.3,7.25,7.15,7.15,42,22276
2018-05-11,7.3,7.2,7.0,7.2,172,50912
2018-05-14,7.7,7.65,7.15,7.15,101,40912
2018-05-15,8.125,7.95,7.65,7.65,322,121547
2018-05-16,8.45,8.1,8.05,8.45,484,137185
2018-05-17,8.1,7.65,7.65,8.05,195,70076
2018-05-18,7.8,7.3,7.3,7.7,281,96513
2018-05-21,7.6,7.45,7.3,7.4,230,49798
2018-05-22,7.65,7.3,7.3,7.45,209,109930
2018-05-23,7.3,7.225,7.2,7.3,39,77670
2018-05-24,7.2,7.125,7.1,7.2,49,20720
2018-05-25,7.15,6.9,6.85,7.05,223,82617
2018-05-29,7.275,7.25,6.85,6.85,70,21115
2018-05-30,7.65,7.6,7.25,7.25,146,38997
2018-05-31,7.9,7.9,7.6,7.6,226,58266
2018-06-01,8.575,8.55,7.9,7.9,305,82757
2018-06-04,8.7,8.45,8.125,8.5,221,63389
2018-06-05,8.4,8.25,8.225,8.4,23,12820
2018-06-06,8.3,8.25,8.1,8.25,49,16505
2018-06-07,8.3,8.25,8.15,8.3,22,10244
2018-06-08,8.3,8.25,8.2,8.2,39,20810
2018-06-11,8.2,8.1,8.075,8.2,53,10391
2018-06-12,8.1,8.0,7.975,8.1,30,23918
2018-06-13,7.95,7.95,7.85,7.95,45,20886
2018-06-14,8.1,8.1,7.85,8.0,42,13092
2018-06-15,8.075,8.05,8.025,8.05,89,25471
2018-06-18,8.25,8.15,7.95,7.95,58,38683
2018-06-19,8.15,8.15,8.1,8.1,65,16325
2018-06-20,8.15,8.075,8.0,8.15,35,16555
2018-06-21,8.0,7.65,7.65,8.0,117,27969
2018-06-22,7.85,7.75,7.7,7.85,75,26003
2018-06-25,7.75,7.45,7.45,7.75,91,30035
2018-06-26,7.55,7.45,7.45,7.45,20,12144
2018-06-27,7.55,7.5,7.45,7.45,47,3962
2018-06-28,7.5,7.45,7.45,7.5,41,15287
2018-06-29,7.55,7.45,7.45,7.45,29,6444
2018-07-02,7.45,7.4,7.35,7.45,50,15781
2018-07-03,7.55,7.5,7.4,7.4,39,6014
2018-07-05,7.4,7.35,7.35,7.4,49,14845
2018-07-06,7.4,7.4,7.3,7.35,141,24543
2018-07-09,7.5,7.5,7.275,7.4,129,26265
2018-07-10,7.75,7.75,7.5,7.5,128,38679
2018-07-11,7.8,7.775,7.625,7.7,251,47851
2018-07-12,7.75,7.7,7.7,7.7,81,23853
2018-07-13,7.775,7.75,7.7,7.7,31,13544
2018-07-16,7.95,7.85,7.7,7.75,79,21154
2018-07-17,7.8,7.65,7.5,7.8,62,18760
2018-07-18,7.8,7.8,7.6,7.6,80,22853
2018-07-19,7.85,7.85,7.65,7.8,138,29054
2018-07-20,7.8,7.75,7.65,7.8,142,35719
2018-07-23,7.7,7.6,7.575,7.7,134,30860
2018-07-24,7.65,7.6,7.5,7.65,104,30330
2018-07-25,7.65,7.65,7.55,7.6,89,30057
2018-07-26,7.7,7.7,7.55,7.55,60,19708
2018-07-27,7.75,7.65,7.65,7.7,48,12008
2018-07-30,7.8,7.8,7.575,7.65,46,10814
2018-07-31,7.8,7.7,7.7,7.8,41,30457
2018-08-01,7.725,7.7,7.6,7.6,35,14130
2018-08-02,7.8,7.75,7.5,7.65,210,45916
2018-08-03,7.8,7.55,7.525,7.8,42,20119
2018-08-06,7.65,7.6,7.55,7.55,30,12837
2018-08-07,7.7,7.6,7.6,7.7,78,25248
2018-08-08,7.7,7.65,7.55,7.6,37,14630
2018-08-09,7.4,6.9,6.4,7.4,611,166040
2018-08-10,7.35,6.875,6.875,7.35,154,66272
2018-08-13,6.95,6.475,6.475,6.95,139,59560
2018-08-14,6.8,6.675,6.3,6.4,345,95478
2018-08-15,6.8,6.7,6.5,6.8,66,24946
2018-08-16,6.8,6.8,6.675,6.8,94,19867
2018-08-17,6.8,6.775,6.75,6.75,113,17406
2018-08-20,6.9,6.7,6.65,6.8,157,44865
2018-08-21,6.85,6.75,6.7,6.7,46,19677
2018-08-22,6.9,6.9,6.75,6.8,33,12221
2018-08-23,7.0,7.0,6.725,6.9,64,15795
2018-08-24,7.075,7.05,7.0,7.0,51,24566
2018-08-27,7.05,7.025,6.95,7.0,107,35449
2018-08-28,7.025,7.0,6.825,6.95,78,26891
2018-08-29,7.05,7.0,6.9,7.0,47,26163
2018-08-30,7.05,6.85,6.825,7.0,55,15834
2018-08-31,6.9,6.9,6.85,6.9,64,26727
2018-09-04,6.95,6.65,6.65,6.95,132,33192
2018-09-05,6.7,6.425,6.3,6.65,212,56421
2018-09-06,6.65,6.35,6.3,6.5,59,13866
2018-09-07,7.0,6.9,6.225,6.3,211,75077
2018-09-10,7.05,7.05,6.8,6.9,71,26309
2018-09-11,7.05,6.75,6.7,7.05,102,52487
2018-09-12,6.85,6.825,6.7,6.85,102,45629
2018-09-13,6.8,6.35,6.325,6.75,263,111661
2018-09-14,6.5,6.45,6.3,6.3,97,19483
2018-09-17,6.475,6.4,6.3,6.4,75,35431
2018-09-18,6.7,6.4,6.35,6.5,43,13456
2018-09-19,6.45,6.25,6.25,6.4,141,51215
2018-09-20,6.65,6.6,6.3,6.3,73,42399
2018-09-21,6.6,6.55,6.5,6.6,44,22051
2018-09-24,6.55,6.3,6.3,6.55,65,34500
2018-09-25,6.425,6.4,6.275,6.3,109,18324
2018-09-26,6.65,6.65,6.35,6.4,112,23326
2018-09-27,6.6,6.45,6.45,6.6,12,13806
2018-09-28,6.5,6.4,6.3,6.4,70,16240
2018-10-01,6.57,6.31,6.23,6.4,187,43885
2018-10-02,6.44,6.36,6.3,6.3,70,12895
2018-10-03,6.65,6.4,6.35,6.35,85,30786
2018-10-04,6.54,6.35,6.32,6.41,148,52625
2018-10-05,6.4,6.28,6.26,6.33,108,23893
2018-10-08,6.3,6.27,6.11,6.25,159,50961
2018-10-09,6.37,6.23,6.17,6.28,160,33679
2018-10-10,6.25,5.99,5.96,6.2,241,42385
2018-10-11,6.12,5.9,5.78,5.95,300,78538
2018-10-12,6.01,5.88,5.83,5.87,160,44141
2018-10-15,5.89,5.82,5.78,5.87,168,28010
2018-10-16,5.89,5.85,5.79,5.79,68,33043
2018-10-17,5.95,5.83,5.8,5.82,91,17116
2018-10-18,5.83,5.54,5.45,5.77,226,60591
2018-10-19,5.67,5.51,5.46,5.53,205,48499
2018-10-22,5.62,5.51,5.4,5.55,208,60827
2018-10-23,5.6,5.54,5.325,5.4,205,49445
2018-10-24,5.59,5.35,5.35,5.59,153,49210
2018-10-25,5.4,5.3,5.23,5.35,235,71781
2018-10-26,5.24,4.79,4.68,5.24,876,161637
2018-10-29,4.85,4.44,4.41,4.8,400,114267
2018-10-30,4.71,4.55,4.38,4.39,419,109535
2018-10-31,4.72,4.64,4.545,4.55,532,108073
2018-11-01,4.88,4.87,4.51,4.66,262,51670
2018-11-02,4.85,4.73,4.71,4.82,133,45675
2018-11-05,4.78,4.71,4.55,4.78,111,17720
2018-11-06,4.89,4.88,4.7,4.7,195,36285
2018-11-07,4.95,4.8,4.76,4.9,102,25078
2018-11-08,4.865,4.66,4.62,4.75,291,57442
2018-11-09,4.6,3.855,3.79,4.5,460,132781
2018-11-12,3.91,3.65,3.61,3.91,394,150222
2018-11-13,3.74,3.62,3.49,3.65,547,109921
2018-11-14,3.75,3.59,3.57,3.64,222,35767
2018-11-15,3.67,3.5,3.5,3.6,294,63052
2018-11-16,3.53,3.44,3.18,3.49,491,126898
2018-11-19,3.71,3.56,3.39,3.39,265,70949
2018-11-20,3.61,3.54,3.45,3.55,189,59506
2018-11-21,3.59,3.5,3.26,3.59,349,109493
2018-11-23,3.54,3.41,3.375,3.46,146,47443
2018-11-26,3.47,3.32,3.32,3.45,72,28211
2018-11-27,3.39,3.21,3.17,3.26,177,57274
2018-11-28,3.21,3.17,3.14,3.2,311,71580
2018-11-29,3.16,3.05,3.05,3.15,190,60983
2018-11-30,3.09,3.03,2.94,3.05,189,66211
2018-12-03,3.17,3.16,3.05,3.05,374,94524
2018-12-04,3.32,3.08,3.07,3.2,401,101634
2018-12-06,3.05,2.99,2.88,3.05,550,127693
2018-12-07,3.3,3.17,3.05,3.05,473,88840
2018-12-10,3.145,3.05,3.0,3.11,246,51633
2018-12-11,3.14,3.11,3.05,3.09,207,106468
2018-12-12,3.36,3.05,3.05,3.11,208,42000
2018-12-13,3.06,2.86,2.85,3.04,243,74685
2018-12-14,2.86,2.66,2.51,2.86,282,92231
2018-12-17,2.66,2.4,2.345,2.66,359,110500
2018-12-18,2.45,2.26,2.25,2.4,319,90132
2018-12-19,2.53,2.4,2.27,2.27,289,93240
2018-12-20,2.45,2.23,2.21,2.37,253,63323
2018-12-21,2.3,2.07,2.06,2.22,571,190126
2018-12-24,2.07,2.02,2.0,2.01,105,56652
2018-12-26,2.13,2.1,2.02,2.02,423,95975
2018-12-27,2.26,2.155,2.095,2.13,184,114499
2018-12-28,2.36,2.15,2.1,2.19,280,91163
2018-12-31,2.215,2.21,2.04,2.19,161,94359
2019-01-02,2.55,2.41,2.13,2.19,173,29406
2019-01-03,2.47,2.41,2.35,2.42,101,14823
2019-01-04,2.7,2.68,2.45,2.45,330,54649
2019-01-07,3.28,3.22,2.7,2.71,380,173856
2019-01-08,3.39,3.34,3.11,3.24,237,59948
2019-01-09,3.75,3.75,3.37,3.37,352,54589
2019-01-10,3.71,3.46,3.41,3.71,279,69786
2019-01-11,3.45,3.3,3.17,3.45,104,20424
2019-01-14,3.46,3.33,3.2,3.21,105,30495
2019-01-15,3.64,3.52,3.36,3.38,157,33919
2019-01-16,3.52,3.31,3.25,3.52,96,30249
2019-01-17,3.38,3.25,3.24,3.28,94,26530
2019-01-18,3.38,3.18,3.13,3.27,322,45719
2019-01-22,3.17,3.03,3.01,3.17,102,21741
2019-01-23,3.03,2.97,2.93,3.03,137,109806
2019-01-24,2.9,2.79,2.78,2.9,107,54575
2019-01-25,3.2,3.17,2.81,2.81,175,65508
2019-01-28,3.15,3.1,3.04,3.15,48,12846
2019-01-29,3.22,3.2,3.12,3.12,55,9985
2019-01-30,3.37,3.28,3.23,3.23,58,10209
2019-01-31,3.36,3.21,3.21,3.27,69,18736
2019-02-01,3.23,3.12,3.1,3.19,52,18968
2019-02-04,3.17,3.16,3.06,3.07,53,19124
2019-02-05,3.6,3.44,3.14,3.14,277,73032
2019-02-06,3.46,3.23,3.21,3.43,138,49835
2019-02-07,3.295,3.28,3.2,3.2,105,20575
2019-02-08,3.37,3.21,3.17,3.28,116,33045
2019-02-11,3.24,3.14,3.12,3.2,137,32501
2019-02-12,3.2,3.1,3.1,3.2,102,24942
2019-02-13,3.16,3.1,3.08,3.1,214,50326
2019-02-14,3.15,3.1,3.08,3.11,139,19317
2019-02-15,3.17,3.15,3.1,3.15,103,27365
2019-02-19,3.19,3.17,3.08,3.13,107,20522
2019-02-20,3.26,3.14,3.1,3.17,197,41715
2019-02-21,3.13,3.1,3.08,3.11,107,24241
2019-02-22,3.15,3.1,3.07,3.15,35,12038
2019-02-25,3.21,3.06,3.04,3.08,160,33531
2019-02-26,3.06,2.9,2.88,3.05,131,30498
2019-02-27,2.99,2.96,2.85,2.89,401,40165
2019-02-28,2.95,2.85,2.84,2.95,185,32204
2019-03-01,3.05,2.97,2.84,2.84,115,17227
2019-03-04,3.17,3.14,2.98,3.05,164,35355
2019-03-05,3.19,3.04,2.94,3.14,168,24328
2019-03-06,3.06,2.84,2.84,3.03,263,33902
2019-03-07,3.85,3.71,3.35,3.6,1683,413593
2019-03-08,3.93,3.87,3.52,3.79,416,133297
2019-03-11,4.27,4.19,3.85,3.89,593,85924
2019-03-12,4.31,4.12,4.07,4.18,347,70152
2019-03-13,4.18,4.0,4.0,4.12,498,90864
2019-03-14,4.08,4.01,3.96,4.0,132,36228
2019-03-15,4.09,4.05,3.95,4.0,216,36702
2019-03-18,4.06,3.92,3.89,4.06,115,23746
2019-03-19,4.04,3.9,3.84,3.87,204,35514
2019-03-20,3.97,3.92,3.84,3.9,256,108382
2019-03-21,4.1,3.92,3.88,3.92,247,122514
2019-03-22,3.9,3.84,3.83,3.89,130,25852
2019-03-25,3.81,3.68,3.65,3.8,283,67554
2019-03-26,3.74,3.65,3.61,3.69,335,79272
2019-03-27,3.8,3.69,3.61,3.62,224,46323
2019-03-28,3.76,3.6,3.54,3.65,416,91056
2019-03-29,3.64,3.56,3.51,3.6,336,74201
2019-04-01,3.77,3.77,3.53,3.57,639,93849
2019-04-02,3.77,3.69,3.59,3.77,218,48516
2019-04-03,3.75,3.66,3.53,3.68,429,80558
2019-04-04,3.75,3.6,3.53,3.68,449,83685
2019-04-05,3.83,3.69,3.5,3.6,421,73629
2019-04-08,3.69,3.56,3.5,3.69,247,44675
2019-04-09,3.79,3.77,3.51,3.53,233,95912
2019-04-10,3.825,3.82,3.74,3.75,228,91466
2019-04-11,3.84,3.84,3.75,3.79,55,16246
2019-04-12,3.87,3.8,3.78,3.87,81,15911
2019-04-15,3.79,3.71,3.65,3.79,112,20320
2019-04-16,3.74,3.65,3.6,3.74,102,36624
2019-04-17,3.66,3.6,3.56,3.66,70,24422
2019-04-18,3.64,3.63,3.55,3.58,76,24420
2019-04-22,3.71,3.71,3.55,3.6,196,40320
2019-04-23,3.86,3.8,3.67,3.67,321,50071
2019-04-24,3.77,3.68,3.61,3.77,117,26856
2019-04-25,3.72,3.67,3.6,3.65,105,25191
2019-04-26,3.66,3.58,3.53,3.63,104,24788
2019-04-29,3.59,3.52,3.48,3.56,136,43413
2019-04-30,3.52,3.46,3.44,3.51,160,37755
2019-05-01,3.44,3.35,3.33,3.41,198,46211
2019-05-02,3.43,3.35,3.32,3.32,255,34327
2019-05-03,3.63,3.5,3.4,3.4,138,50176
2019-05-06,3.67,3.65,3.37,3.45,106,27707
2019-05-07,3.68,3.61,3.48,3.61,177,23962
2019-05-08,3.675,3.64,3.53,3.6,177,38036
2019-05-09,3.73,3.61,3.59,3.62,125,19880
2019-05-10,4.05,3.96,3.85,3.95,391,93526
2019-05-13,3.97,3.95,3.9,3.9,82,20636
2019-05-14,4.02,4.0,3.95,3.95,191,45673
2019-05-15,4.31,4.23,4.02,4.02,388,71064
2019-05-16,4.37,4.31,4.01,4.18,323,78283
2019-05-17,4.41,4.39,4.22,4.31,236,57017
2019-05-20,4.64,4.53,4.41,4.42,182,57288
2019-05-21,4.72,4.7,4.54,4.65,210,57294
2019-05-22,4.77,4.7,4.62,4.75,243,42202
2019-05-23,4.65,4.35,4.27,4.63,530,72052
2019-05-24,4.635,4.57,4.35,4.39,234,39691
2019-05-28,4.71,4.48,4.45,4.57,188,55876
2019-05-29,4.56,4.52,4.38,4.47,478,58609
2019-05-30,4.57,4.43,4.37,4.54,380,65298
2019-05-31,4.36,4.25,4.17,4.36,327,39837
2019-06-03,4.31,4.14,4.13,4.22,173,26073
2019-06-04,4.32,4.32,4.2,4.2,261,37717
2019-06-05,4.35,4.22,4.16,4.35,205,24927
2019-06-06,4.22,4.22,4.16,4.22,129,18911
2019-06-07,4.27,4.27,4.15,4.22,210,31481
2019-06-10,4.44,4.35,4.25,4.25,172,34794
2019-06-11,4.48,4.21,4.2,4.37,165,18065
2019-06-12,4.38,4.19,4.14,4.2,169,39199
2019-06-13,4.2,4.12,4.1,4.2,147,39867
2019-06-14,4.17,4.17,4.01,4.09,73,16740
2019-06-17,4.47,4.32,4.17,4.19,101,14074
2019-06-18,4.31,4.17,4.13,4.31,81,11338
2019-06-19,4.34,4.34,4.2,4.2,189,61829
2019-06-20,4.4,4.2,4.13,4.33,138,23439
2019-06-21,4.33,4.3,4.21,4.21,110,24325
2019-06-24,4.31,4.16,4.15,4.26,79,16234
2019-06-25,4.2,4.18,4.13,4.15,86,19062
2019-06-26,4.42,4.33,4.2,4.2,196,24833
2019-06-27,4.39,4.33,4.27,4.35,133,16830
2019-06-28,4.33,4.19,4.12,4.33,182,31370
2019-07-01,4.3,4.26,4.16,4.22,178,31757
2019-07-02,4.3,4.26,4.18,4.3,85,18074
2019-07-03,4.265,4.16,4.16,4.26,70,20907
2019-07-05,4.265,4.18,4.12,4.15,120,34117
2019-07-08,4.2,4.16,4.11,4.2,139,39057
2019-07-09,4.19,4.17,4.11,4.14,155,38543
2019-07-10,4.35,4.33,4.13,4.16,174,73613
2019-07-11,4.43,4.4,4.27,4.32,81,15182
2019-07-12,4.69,4.64,4.43,4.43,312,71793
2019-07-15,4.89,4.88,4.61,4.64,206,42261
2019-07-16,5.0,4.83,4.83,4.9,159,35663
2019-07-17,4.85,4.73,4.66,4.85,151,33206
2019-07-18,4.72,4.65,4.605,4.72,63,16517
2019-07-19,4.7,4.69,4.59,4.64,116,46692
2019-07-22,4.7,4.59,4.57,4.66,123,15083
2019-07-23,4.72,4.6,4.59,4.6,152,27515
2019-07-24,4.68,4.63,4.58,4.59,135,13810
2019-07-25,4.63,4.56,4.46,4.63,181,40032
2019-07-26,4.63,4.63,4.54,4.58,132,20904
2019-07-29,4.66,4.62,4.56,4.66,139,24615
2019-07-30,4.77,4.71,4.53,4.59,84,21150
2019-07-31,4.75,4.65,4.53,4.75,111,20734
2019-08-01,4.75,4.48,4.29,4.63,249,48626
2019-08-02,4.69,4.53,4.44,4.47,169,26427
2019-08-05,4.46,4.25,4.235,4.46,128,38067
2019-08-06,4.715,4.71,4.35,4.35,260,75711
2019-08-07,4.86,4.72,4.54,4.62,286,70388
2019-08-08,4.95,4.7,4.24,4.95,710,159457
2019-08-09,4.65,4.48,4.38,4.65,102,25388
2019-08-12,4.5,4.2,4.03,4.5,338,70155
2019-08-13,4.3,4.08,4.03,4.14,208,45441
2019-08-14,4.08,4.07,3.85,4.03,203,33889
2019-08-15,4.1,3.86,3.83,4.1,153,30840
2019-08-16,4.08,4.03,3.8,3.89,216,37657
2019-08-19,4.09,4.01,3.89,4.09,200,87745
2019-08-20,4.1,4.08,3.98,3.98,54,13735
2019-08-21,4.4,4.27,4.1,4.1,185,31506
2019-08-22,4.39,4.1,4.03,4.28,252,29562
2019-08-23,4.16,4.0,3.97,4.06,249,24621
2019-08-26,4.03,4.03,3.96,3.98,310,26357
2019-08-27,4.07,3.95,3.925,4.04,231,30894
2019-08-28,3.98,3.98,3.87,3.94,169,19188
2019-08-29,4.04,4.01,3.86,4.0,194,36198
2019-08-30,4.08,3.98,3.91,4.02,196,41790
2019-09-03,4.0,3.73,3.69,3.99,226,35973
2019-09-04,3.78,3.72,3.71,3.75,144,26234
2019-09-05,3.85,3.79,3.72,3.72,143,24690
2019-09-06,3.99,3.94,3.79,3.79,170,18669
2019-09-09,4.18,4.12,3.94,3.94,91,49742
2019-09-10,4.43,4.42,4.1,4.1,134,37134
2019-09-11,4.42,4.38,4.3,4.37,140,27966
2019-09-12,4.37,4.34,4.3,4.35,81,7242
2019-09-13,4.62,4.36,4.31,4.34,313,43490
2019-09-16,4.49,4.47,4.36,4.46,239,30360
2019-09-17,4.45,4.37,4.35,4.45,117,8105
2019-09-18,4.45,4.4,4.35,4.36,174,42852
2019-09-19,4.45,4.3,4.21,4.4,151,59635
2019-09-20,4.37,4.31,4.3,4.3,110,16109
2019-09-23,4.33,4.23,4.17,4.33,110,18289
2019-09-24,4.31,3.97,3.95,4.22,208,22338
2019-09-25,4.03,3.86,3.85,3.98,38,9859
2019-09-26,3.89,3.79,3.71,3.8,164,42736
2019-09-27,3.92,3.75,3.75,3.78,141,24057
2019-09-30,3.71,3.64,3.58,3.71,245,39002
2019-10-01,3.68,3.57,3.55,3.65,165,37607
2019-10-02,3.51,3.29,3.21,3.51,387,83892
2019-10-03,3.37,3.32,3.14,3.32,340,66047
2019-10-04,3.45,3.3,3.28,3.35,157,30889
2019-10-07,3.63,3.5,3.29,3.31,307,32811
2019-10-08,3.62,3.57,3.54,3.57,252,80573
2019-10-09,3.57,3.5,3.465,3.57,153,15717
2019-10-10,3.53,3.49,3.37,3.5,82,12108
2019-10-11,3.66,3.56,3.53,3.53,120,13743
2019-10-14,3.7,3.64,3.5,3.58,136,25763
2019-10-15,3.76,3.68,3.64,3.7,95,29034
2019-10-16,3.65,3.4,3.34,3.65,510,49165
2019-10-17,3.47,3.43,3.35,3.35,74,23869
2019-10-18,3.43,3.35,3.35,3.4,99,55196
2019-10-21,3.39,3.37,3.23,3.33,255,50474
2019-10-22,3.65,3.49,3.3,3.35,115,15524
2019-10-23,3.58,3.55,3.42,3.48,63,19006
2019-10-24,3.6,3.6,3.51,3.57,60,8403
2019-10-25,3.68,3.595,3.59,3.59,57,11210
2019-10-28,3.66,3.65,3.55,3.6,126,21992
2019-10-29,3.74,3.74,3.65,3.65,70,11748
2019-10-30,3.74,3.59,3.55,3.71,62,11756
2019-10-31,3.58,3.52,3.45,3.58,139,41964
2019-11-01,3.61,3.59,3.54,3.54,62,9308
2019-11-04,3.66,3.47,3.39,3.65,160,39980
2019-11-05,3.52,3.49,3.39,3.44,151,37940
2019-11-06,3.54,3.52,3.47,3.53,89,13801
2019-11-07,3.61,3.47,3.44,3.51,115,23901
2019-11-08,3.48,3.4,3.32,3.48,180,40930
2019-11-11,3.83,3.76,3.36,3.36,489,97023
2019-11-12,4.11,3.69,3.38,3.82,528,157666
2019-11-13,3.63,3.49,3.42,3.63,237,63289
2019-11-14,3.52,3.26,3.26,3.48,168,54248
2019-11-15,3.47,3.41,3.29,3.29,118,53826
2019-11-18,3.38,3.26,3.225,3.38,214,78578
2019-11-19,3.25,3.14,3.12,3.24,123,46452
2019-11-20,3.12,3.05,3.02,3.12,157,69399
2019-11-21,3.08,3.08,3.01,3.08,138,44103
2019-11-22,3.27,3.21,3.08,3.12,174,29322
2019-11-25,3.2,3.06,3.02,3.2,133,45927
2019-11-26,3.18,3.05,3.0,3.06,455,97324
2019-11-27,3.18,3.16,3.005,3.02,194,36522
2019-11-29,3.14,3.09,3.07,3.13,73,16246
2019-12-02,3.16,3.05,3.03,3.08,97,22511
2019-12-03,3.03,3.02,2.955,3.01,206,42557
2019-12-04,3.12,3.06,2.99,3.04,297,72110
2019-12-05,3.1,3.1,3.04,3.07,151,30456
2019-12-06,3.18,3.18,3.08,3.11,146,33631
2019-12-09,3.37,3.25,3.16,3.16,377,51680
2019-12-10,3.53,3.45,3.24,3.24,484,69339
2019-12-11,3.64,3.62,3.45,3.45,368,68973
2019-12-12,3.74,3.69,3.585,3.61,233,62975
2019-12-13,3.86,3.61,3.575,3.67,433,278143
2019-12-16,3.75,3.6,3.53,3.57,184,39835
2019-12-17,3.74,3.65,3.6,3.6,285,57418
2019-12-18,3.7,3.65,3.62,3.62,186,33856
2019-12-19,3.82,3.68,3.62,3.62,466,168102
2019-12-20,3.76,3.72,3.63,3.66,282,62069
2019-12-23,3.73,3.7,3.64,3.72,148,22051
2019-12-24,3.78,3.73,3.7,3.7,73,15976
2019-12-26,3.76,3.72,3.69,3.7,442,69364
2019-12-27,3.79,3.78,3.67,3.7,251,64891
2019-12-30,3.75,3.65,3.605,3.75,261,72891
2019-12-31,3.72,3.65,3.57,3.6,190,31311
2020-01-02,3.68,3.67,3.59,3.68,159,31746
2020-01-03,3.74,3.7,3.61,3.66,243,26631
2020-01-06,3.98,3.96,3.69,3.72,332,58493
2020-01-07,4.33,4.28,3.87,3.98,345,72929
2020-01-08,4.34,4.25,4.18,4.34,213,34651
2020-01-09,4.37,4.31,4.2,4.22,292,76510
2020-01-10,4.51,4.5,4.28,4.3,273,62788
2020-01-13,4.47,4.41,4.35,4.47,227,47312
2020-01-14,4.49,4.47,4.36,4.4,184,26253
2020-01-15,4.49,4.42,4.29,4.46,352,53473
2020-01-16,4.57,4.55,4.42,4.42,157,35496
2020-01-17,4.55,4.51,4.46,4.5,437,70629
2020-01-21,4.6,4.58,4.38,4.49,466,80001
2020-01-22,4.57,4.55,4.45,4.57,158,17058
2020-01-23,4.58,4.47,4.45,4.52,182,27917
2020-01-24,4.7,4.7,4.43,4.44,311,91622
2020-01-27,4.69,4.57,4.55,4.69,211,42558
2020-01-28,4.67,4.61,4.55,4.57,104,19434
2020-01-29,4.64,4.49,4.46,4.64,115,34006
2020-01-30,4.49,4.31,4.24,4.48,159,27316
2020-01-31,4.32,4.16,3.98,4.26,309,58454
2020-02-03,4.26,4.16,4.1,4.12,192,31696
2020-02-04,4.28,4.22,4.07,4.2,150,19902
2020-02-05,4.34,4.27,4.23,4.23,223,25120
2020-02-06,4.29,4.18,4.09,4.29,145,22788
2020-02-07,4.17,4.15,4.08,4.16,85,13108
2020-02-10,4.16,4.07,4.07,4.1,73,11176
2020-02-11,4.28,4.23,4.21,4.28,104,29917
2020-02-12,4.31,4.25,4.2,4.23,120,13346
2020-02-13,4.29,4.23,4.22,4.22,110,12380
2020-02-14,4.27,4.25,4.21,4.24,158,11952
2020-02-18,4.22,4.19,4.18,4.21,147,15431
2020-02-19,4.29,4.22,4.13,4.19,117,18132
2020-02-20,4.23,4.15,4.15,4.17,125,17532
2020-02-21,4.19,4.14,4.1,4.14,127,11756
2020-02-24,4.1,4.02,3.98,4.1,171,33896
2020-02-25,4.02,3.81,3.76,3.99,353,64171
2020-02-26,3.89,3.72,3.71,3.82,127,25260
2020-02-27,3.6,3.44,3.37,3.6,233,52022
2020-02-28,3.4,3.39,3.09,3.35,294,75422
2020-03-02,3.47,3.37,3.32,3.4,187,25468
2020-03-03,3.66,3.62,3.34,3.34,160,35391
2020-03-04,3.72,3.71,3.62,3.67,112,36102
2020-03-05,3.65,3.08,3.07,3.65,489,73511
2020-03-06,3.09,2.84,2.81,3.09,311,70676
2020-03-09,2.51,2.22,2.2,2.5,342,145481
2020-03-10,2.44,2.34,2.2,2.41,175,50797
2020-03-11,2.45,2.23,2.21,2.27,335,85347
2020-03-12,2.05,1.89,1.79,2.05,316,106154
2020-03-13,2.01,1.87,1.75,2.0,235,151303
2020-03-16,1.8,1.39,1.37,1.76,375,110542
2020-03-17,1.5,1.09,1.08,1.36,589,230041
2020-03-18,1.15,0.94,0.82,1.15,313,162780
2020-03-19,1.265,1.18,0.85,0.8828,224,103551
2020-03-20,1.465,1.18,1.1,1.27,305,150767
2020-03-23,1.19,1.08,1.0,1.18,217,86263
2020-03-24,1.26,1.11,1.08,1.2,340,103080
2020-03-25,1.28,1.17,1.08,1.11,372,134738
2020-03-26,1.23,1.22,1.12,1.2,633,197036
2020-03-27,1.26,1.17,1.155,1.26,99,42428
2020-03-30,1.2,1.08,1.07,1.2,209,77904
2020-03-31,1.1,1.05,1.01,1.1,243,77141
2020-04-01,1.06,0.98,0.974,1.05,159,43843
2020-04-02,1.05,0.98,0.97,1.05,280,108797
2020-04-03,1.02,0.96,0.95,1.02,128,88441
2020-04-06,1.01,0.95,0.9494,1.0,260,104561
2020-04-07,1.09,1.03,0.9601,1.0,169,63384
2020-04-08,1.09,1.09,1.02,1.05,192,47902
2020-04-09,1.83,1.82,1.19,1.19,569,229691
2020-04-13,2.55,2.06,1.9,1.9,712,353757
2020-04-14,2.28,1.85,1.82,2.09,248,73313
2020-04-15,1.74,1.62,1.53,1.74,151,57719
2020-04-16,1.63,1.6,1.51,1.63,88,24632
2020-04-17,1.74,1.5,1.47,1.69,284,81499
2020-04-20,1.555,1.46,1.45,1.5,98,36309
2020-04-21,1.49,1.41,1.36,1.49,129,46602
2020-04-22,1.57,1.55,1.44,1.46,105,26806
2020-04-23,1.75,1.68,1.58,1.58,109,31692
2020-04-24,1.77,1.62,1.56,1.75,95,27950
2020-04-27,1.7,1.68,1.575,1.67,135,27049
2020-04-28,1.81,1.8,1.66,1.76,126,44767
2020-04-29,1.99,1.98,1.85,1.85,125,50379
2020-04-30,2.07,1.87,1.84,1.97,59,19105
2020-05-01,1.85,1.76,1.73,1.82,73,28841
2020-05-04,1.89,1.79,1.68,1.71,61,14647
2020-05-05,1.87,1.85,1.81,1.87,46,29870
2020-05-06,1.83,1.8,1.72,1.81,78,40187
2020-05-07,2.1,1.89,1.84,2.0,163,63978
2020-05-08,2.025,1.99,1.9,1.9,140,150487
2020-05-11,2.12,2.1,1.97,1.98,160,64957
2020-05-12,2.2,2.13,2.1,2.14,137,71548
2020-05-13,2.1,1.97,1.9,2.1,338,80225
2020-05-14,1.99,1.99,1.84,1.95,50,19171
2020-05-15,2.05,2.03,1.98,1.99,89,17846
2020-05-18,2.39,2.29,2.01,2.01,297,108760
2020-05-19,2.43,2.4,2.25,2.28,149,47240
2020-05-20,2.61,2.61,2.48,2.48,91,35761
2020-05-21,2.7,2.58,2.56,2.65,101,18707
2020-05-22,2.6,2.57,2.51,2.6,95,12341
2020-05-26,2.68,2.64,2.6,2.66,94,14825
2020-05-27,2.72,2.7,2.65,2.7,121,24263
2020-05-28,2.75,2.66,2.65,2.74,95,25368
2020-05-29,2.66,2.57,2.49,2.66,55,10811
2020-06-01,2.73,2.64,2.57,2.57,100,24578
2020-06-02,2.79,2.64,2.6,2.61,163,25000
2020-06-03,2.79,2.71,2.65,2.65,157,43337
2020-06-04,2.78,2.76,2.655,2.78,84,13036
2020-06-05,3.15,3.1,2.79,2.79,332,104402
2020-06-08,3.29,3.24,3.05,3.19,217,54746
2020-06-09,3.16,2.92,2.92,3.12,217,87065
2020-06-10,2.97,2.81,2.67,2.89,228,45431
2020-06-11,2.66,2.47,2.44,2.57,121,36294
2020-06-12,2.8,2.79,2.65,2.65,95,19675
2020-06-15,2.84,2.78,2.51,2.69,152,48435
2020-06-16,3.07,2.83,2.83,2.95,83,27847
2020-06-17,2.86,2.69,2.68,2.86,70,16222
2020-06-18,2.79,2.75,2.69,2.69,58,8613
2020-06-19,2.86,2.71,2.7,2.86,58,16318
2020-06-22,2.75,2.665,2.61,2.75,124,29179
2020-06-23,2.7,2.6,2.59,2.66,89,25835
2020-06-24,2.59,2.4,2.38,2.58,133,56032
2020-06-25,2.48,2.41,2.36,2.44,88,17329
2020-06-26,2.36,2.31,2.29,2.36,77,30838
2020-06-29,2.53,2.31,2.3,2.33,107,13871
2020-06-30,2.33,2.28,2.23,2.33,77,18336
2020-07-01,2.34,2.17,2.17,2.27,92,28272
2020-07-02,2.3,2.13,2.1,2.19,85,17675
2020-07-06,2.34,2.34,2.14,2.2,145,45178
2020-07-07,2.55,2.39,2.34,2.38,99,53241
2020-07-08,2.49,2.41,2.35,2.37,92,16560
2020-07-09,2.41,2.27,2.21,2.41,102,17274
2020-07-10,2.35,2.26,2.22,2.25,72,18794
2020-07-13,2.53,2.41,2.18,2.25,284,110847
2020-07-14,2.89,2.63,2.4,2.43,350,83270
2020-07-15,2.99,2.74,2.64,2.72,189,46485
2020-07-16,2.71,2.68,2.63,2.65,49,12986
2020-07-17,2.91,2.68,2.64,2.75,118,39173
2020-07-20,2.76,2.68,2.66,2.68,97,16606
2020-07-21,2.835,2.82,2.67,2.7,175,87481
2020-07-22,2.92,2.88,2.77,2.82,99,32024
2020-07-23,3.03,2.99,2.88,2.88,124,48770
2020-07-24,2.98,2.88,2.87,2.95,190,46710
2020-07-27,2.9,2.83,2.76,2.88,100,22215
2020-07-28,2.8,2.67,2.66,2.77,150,29742
2020-07-29,2.69,2.69,2.49,2.68,166,41443
2020-07-30,2.66,2.6,2.55,2.66,63,8482
2020-07-31,2.61,2.61,2.465,2.56,81,13295
2020-08-03,2.62,2.615,2.37,2.37,132,50534
2020-08-04,2.74,2.66,2.6,2.61,141,24397
2020-08-05,2.79,2.73,2.66,2.68,88,17364
2020-08-06,2.71,2.51,2.395,2.71,291,68986
2020-08-07,2.64,2.62,2.475,2.5,134,37273
2020-08-10,2.7,2.58,2.55,2.55,195,49916
2020-08-11,2.67,2.51,2.5,2.58,128,17416
2020-08-12,2.62,2.52,2.5,2.5,154,33321
2020-08-13,2.58,2.55,2.51,2.51,95,16409
2020-08-14,2.64,2.59,2.5,2.54,236,42671
2020-08-17,2.62,2.52,2.51,2.57,105,14008
2020-08-18,2.55,2.47,2.44,2.55,164,32539
2020-08-19,2.47,2.44,2.41,2.46,71,11533
2020-08-20,2.48,2.48,2.39,2.4,136,38449
2020-08-21,2.47,2.42,2.4,2.43,111,24839
2020-08-24,2.52,2.45,2.45,2.47,95,15973
2020-08-25,2.45,2.42,2.39,2.45,148,25770
2020-08-26,2.64,2.6,2.46,2.46,228,93117
2020-08-27,2.65,2.49,2.46,2.65,214,56033
2020-08-28,2.62,2.62,2.48,2.5,183,35876
2020-08-31,2.59,2.55,2.5,2.59,118,18631
2020-09-01,2.58,2.52,2.5,2.53,110,19226
2020-09-02,2.55,2.47,2.47,2.51,63,12747
2020-09-03,2.47,2.41,2.33,2.47,94,19118
2020-09-04,2.47,2.41,2.36,2.47,68,12732
2020-09-08,2.42,2.39,2.31,2.31,64,22888
2020-09-09,2.45,2.42,2.35,2.42,108,18484
2020-09-10,2.45,2.38,2.35,2.41,141,32298
2020-09-11,2.41,2.39,2.36,2.37,89,20196
2020-09-14,2.415,2.39,2.38,2.41,155,28673
2020-09-15,2.59,2.55,2.4,2.4,158,36362
2020-09-16,2.65,2.61,2.52,2.54,197,92615
2020-09-17,2.92,2.92,2.51,2.57,293,95340
2020-09-18,2.89,2.85,2.77,2.89,133,27015
2020-09-21,2.81,2.81,2.66,2.75,129,19321
2020-09-22,2.93,2.84,2.73,2.78,235,43905
2020-09-23,2.84,2.75,2.72,2.84,90,19227
2020-09-24,2.75,2.7,2.65,2.75,201,38149
2020-09-25,2.72,2.72,2.65,2.65,116,17299
2020-09-28,2.825,2.67,2.65,2.74,175,27995
2020-09-29,2.65,2.62,2.59,2.64,41,6732
2020-09-30,2.64,2.55,2.55,2.61,132,33364
2020-10-01,3.07,2.59,2.52,2.56,586,148394
2020-10-02,2.87,2.87,2.55,2.55,284,78279
2020-10-05,3.055,2.94,2.91,2.98,499,105200
2020-10-06,3.19,3.1,2.86,2.91,350,61667
2020-10-07,3.19,3.14,3.09,3.09,188,49208
2020-10-08,3.45,3.44,3.15,3.15,314,59352
2020-10-09,3.47,3.45,3.3,3.41,97,11748
2020-10-12,3.45,3.37,3.29,3.38,84,19907
2020-10-13,3.41,3.36,3.3,3.34,78,8221
2020-10-14,3.42,3.42,3.3,3.36,104,12390
2020-10-15,3.49,3.49,3.255,3.34,60,7156
2020-10-16,3.6,3.3,3.3,3.49,226,39841
2020-10-19,3.53,3.42,3.3,3.36,132,30188
2020-10-20,3.7,3.59,3.38,3.38,196,30687
2020-10-21,3.65,3.59,3.56,3.61,111,15399
2020-10-22,3.7,3.7,3.55,3.58,208,47266
2020-10-23,3.74,3.71,3.66,3.66,421,52261
2020-10-26,3.72,3.7,3.57,3.62,102,15121
2020-10-27,3.78,3.72,3.6,3.72,218,35406
2020-10-28,3.64,3.55,3.42,3.64,379,35466
2020-10-29,3.64,3.45,3.41,3.54,125,16953
2020-10-30,3.5,3.46,3.34,3.44,49,8357
2020-11-02,3.67,3.44,3.44,3.45,170,29603
2020-11-03,3.64,3.59,3.535,3.55,179,33830
2020-11-04,3.64,3.6,3.52,3.56,101,11446
2020-11-05,3.7,3.64,3.57,3.65,164,17712
2020-11-06,3.3,3.12,2.7,3.28,561,103939
2020-11-09,3.48,3.28,3.15,3.15,319,60045
2020-11-10,3.46,3.35,3.22,3.28,107,16916
2020-11-11,3.42,3.24,3.22,3.32,105,24751
2020-11-12,3.47,3.36,3.19,3.19,125,22620
2020-11-13,3.5,3.47,3.38,3.38,166,44739
2020-11-16,3.61,3.54,3.47,3.47,190,67159
2020-11-17,3.54,3.37,3.37,3.53,152,48304
2020-11-18,3.525,3.41,3.36,3.36,127,36990
2020-11-19,3.52,3.5,3.4,3.4,133,28279
2020-11-20,3.58,3.55,3.5,3.5,128,19326
2020-11-23,3.64,3.58,3.52,3.55,111,20546
2020-11-24,3.65,3.58,3.57,3.6,278,56124
2020-11-25,3.7,3.62,3.54,3.59,151,28872
2020-11-27,3.67,3.62,3.59,3.59,29,4159
2020-11-30,3.65,3.63,3.57,3.6,144,17428
2020-12-01,3.67,3.62,3.59,3.6,171,35424
2020-12-02,3.73,3.65,3.54,3.6,122,23081
2020-12-03,3.74,3.66,3.62,3.62,63,26723
2020-12-04,3.77,3.77,3.66,3.66,167,29348
2020-12-07,3.75,3.66,3.66,3.75,76,12148
2020-12-08,3.76,3.7,3.6,3.6,133,23317
2020-12-09,3.9,3.76,3.75,3.78,154,33437
2020-12-10,3.83,3.81,3.71,3.71,114,28559
2020-12-11,3.83,3.8,3.77,3.78,106,25622
2020-12-14,3.83,3.83,3.75,3.81,113,14051
2020-12-15,3.85,3.84,3.72,3.72,122,31605
2020-12-16,3.85,3.8,3.7,3.8,135,16436
2020-12-17,3.89,3.8,3.79,3.8,76,22715
2020-12-18,3.84,3.79,3.73,3.78,162,24649
2020-12-21,3.66,3.48,3.46,3.59,222,64725
2020-12-22,3.58,3.53,3.4,3.47,290,37192
2020-12-23,3.64,3.49,3.46,3.5,143,29058
2020-12-24,3.5,3.48,3.41,3.5,46,6862
2020-12-28,3.55,3.33,3.28,3.5,120,41366
2020-12-29,3.32,3.11,3.1,3.3,118,37428
2020-12-30,3.32,3.11,3.11,3.13,142,19917
2020-12-31,3.23,3.13,3.07,3.11,197,42634
2021-01-04,3.16,3.03,2.98,3.11,80,12436
2021-01-05,3.18,3.16,3.06,3.07,64,6825
2021-01-06,3.31,3.28,3.16,3.19,88,21655
2021-01-07,3.35,3.2,3.16,3.26,116,36182
2021-01-08,3.22,3.105,3.07,3.22,112,13746
2021-01-11,3.13,3.02,3.0,3.13,118,24058
2021-01-12,3.12,3.12,3.0,3.0,103,15537
2021-01-13,3.17,3.055,3.04,3.1,60,17029
2021-01-14,3.16,3.125,3.02,3.05,146,26573
2021-01-15,3.25,3.2,3.03,3.07,117,34099
2021-01-19,3.36,3.25,3.19,3.2,91,16062
2021-01-20,3.48,3.48,3.26,3.26,118,26136
2021-01-21,3.75,3.67,3.415,3.51,310,106687
2021-01-22,3.63,3.62,3.55,3.62,120,30804
2021-01-25,3.63,3.5,3.4,3.59,250,61774
2021-01-26,3.48,3.4,3.3,3.43,378,128563
2021-01-27,3.42,3.36,3.25,3.4,219,61165
2021-01-28,3.36,3.27,3.24,3.35,75,15232
2021-01-29,3.42,3.2,3.16,3.21,179,18259
2021-02-01,3.67,3.67,3.27,3.27,199,36354
2021-02-02,3.76,3.75,3.26,3.41,734,353957
2021-02-03,4.08,3.96,3.7,3.7,494,117863
2021-02-04,4.08,3.74,3.7,3.98,207,77277
2021-02-05,3.87,3.86,3.72,3.72,246,38199
2021-02-08,4.0,3.84,3.78,3.9,295,42547
2021-02-09,3.82,3.77,3.71,3.81,77,14937
2021-02-10,3.89,3.81,3.7,3.74,165,22230
2021-02-11,4.05,4.01,3.8,3.84,155,42215
2021-02-12,4.2,4.12,4.0,4.03,186,41113
2021-02-16,4.12,3.98,3.92,4.12,237,43041
2021-02-17,4.06,3.95,3.92,4.0,201,59437
2021-02-18,3.98,3.84,3.8,3.98,143,14909
2021-02-19,4.0,3.95,3.85,3.85,84,11212
2021-02-22,3.94,3.87,3.83,3.93,131,26458
2021-02-23,4.02,3.98,3.785,3.85,238,56230
2021-02-24,4.18,4.16,4.0,4.07,367,82233
2021-02-25,4.19,3.99,3.97,4.19,148,26638
2021-02-26,3.99,3.89,3.65,3.99,241,59791
2021-03-01,4.29,4.27,3.92,4.0,343,91808
2021-03-02,4.35,4.35,4.18,4.29,211,90005
2021-03-03,4.41,4.09,4.0,4.0,408,91877
2021-03-04,4.23,4.215,3.99,4.05,321,56685
2021-03-05,4.45,4.36,4.07,4.22,397,76232
2021-03-08,4.55,4.5,4.37,4.43,270,48982
2021-03-09,4.68,4.47,4.44,4.46,210,35894
2021-03-10,4.7,4.7,4.38,4.46,186,33373
2021-03-11,4.95,4.95,4.73,4.79,260,65987
2021-03-12,5.18,4.96,4.82,4.82,237,73506
2021-03-15,5.41,5.39,4.96,4.96,330,74407
2021-03-16,5.75,5.54,5.38,5.48,293,47233
2021-03-17,5.63,5.57,5.44,5.52,236,47914
2021-03-18,5.57,5.32,5.26,5.56,362,42371
2021-03-19,5.45,5.32,5.07,5.32,324,58371
2021-03-22,5.43,5.37,5.27,5.36,323,34649
2021-03-23,5.47,5.28,5.21,5.37,153,24942
2021-03-24,6.34,5.82,5.72,5.74,790,157105
2021-03-25,6.37,6.12,5.56,5.88,758,120523
2021-03-26,6.31,5.98,5.9,6.02,285,59125
2021-03-29,6.16,5.88,5.81,5.89,121,23766
2021-03-30,6.1,5.89,5.51,5.89,152,27691
2021-03-31,6.15,6.1,5.55,5.88,353,139281
2021-04-01,6.61,6.24,6.15,6.2,503,132716
2021-04-05,6.2,6.01,5.91,6.16,253,44257
2021-04-06,6.24,6.07,5.99,6.0,228,44487
2021-04-07,6.17,6.04,5.98,6.1,197,32180
2021-04-08,6.17,6.03,5.87,5.93,248,41308
2021-04-09,6.18,6.0,5.95,5.95,145,22774
2021-04-12,6.06,5.72,5.72,6.06,97,14122
2021-04-13,5.7,5.64,5.51,5.67,137,25286
2021-04-14,5.94,5.77,5.62,5.62,49,8885
2021-04-15,5.91,5.84,5.77,5.8,77,6835
2021-04-16,5.95,5.75,5.66,5.95,114,15330
2021-04-19,5.95,5.84,5.68,5.75,210,39258
2021-04-20,5.75,5.73,5.575,5.75,184,26482
2021-04-21,5.9,5.85,5.67,5.67,48,5183
2021-04-22,5.95,5.88,5.77,5.91,109,18563
2021-04-23,5.92,5.78,5.76,5.88,81,10889
2021-04-26,5.95,5.86,5.72,5.72,84,11767
2021-04-27,6.14,6.06,5.83,5.83,112,20949
2021-04-28,6.16,6.02,6.01,6.13,80,19591
2021-04-29,6.12,5.87,5.8,6.02,110,19706
2021-04-30,6.03,6.03,5.7,5.83,190,29413
2021-05-03,6.28,6.19,6.05,6.05,149,16060
2021-05-04,6.27,6.25,6.16,6.16,198,24597
2021-05-05,6.51,6.4,6.23,6.25,126,21244
2021-05-06,6.45,6.37,6.25,6.35,267,35059
2021-05-07,6.14,5.8,5.27,5.74,434,90208
2021-05-10,5.85,5.59,5.51,5.85,314,56855
2021-05-11,5.64,5.63,5.37,5.46,110,16602
2021-05-12,5.73,5.59,5.5,5.63,195,24133
2021-05-13,5.72,5.5,5.45,5.54,195,19866
2021-05-14,5.625,5.62,5.45,5.45,113,19198
2021-05-17,5.79,5.72,5.63,5.64,123,18579
2021-05-18,5.87,5.85,5.67,5.68,183,23810
2021-05-19,6.05,6.03,5.71,5.71,308,38770
2021-05-20,6.13,6.12,5.85,6.01,379,47971
2021-05-21,6.43,6.33,6.09,6.16,374,31225
2021-05-24,6.34,6.05,6.01,6.29,243,38103
2021-05-25,6.2,5.7,5.69,6.13,153,25969
2021-05-26,5.88,5.83,5.66,5.66,128,16701
2021-05-27,5.9,5.85,5.78,5.83,66,19310
2021-05-28,6.08,6.06,5.85,5.85,148,26040
2021-06-01,6.3,6.19,6.06,6.06,125,15491
2021-06-02,6.4,6.4,6.1,6.2,147,17933
2021-06-03,6.45,6.33,6.2,6.34,112,20507
2021-06-04,6.45,6.38,6.3,6.36,142,10944
2021-06-07,6.44,6.15,6.15,6.35,89,14067
2021-06-08,6.28,6.06,6.06,6.19,96,16478
2021-06-09,6.31,6.23,6.03,6.12,164,23255
2021-06-10,6.44,6.35,6.26,6.27,110,18831
2021-06-11,6.58,6.48,6.3,6.35,172,54519
2021-06-14,6.56,6.48,6.37,6.46,206,21032
2021-06-15,7.43,7.38,6.34,6.48,396,66060
2021-06-16,7.49,6.93,6.66,7.49,365,47706
2021-06-17,7.01,6.75,6.55,6.93,314,38054
2021-06-18,6.84,6.7,6.7,6.74,217,43578
2021-06-21,6.83,6.72,6.65,6.65,115,20414
2021-06-22,6.81,6.81,6.61,6.76,102,17049
2021-06-23,7.18,7.06,6.78,6.78,240,18508
2021-06-24,7.22,6.96,6.96,7.07,207,57910
2021-06-25,7.26,7.15,6.9,7.05,207,27345
2021-06-28,7.26,6.82,6.78,7.26,333,51506
2021-06-29,7.0,6.88,6.75,6.81,90,9475
2021-06-30,7.14,6.87,6.86,6.94,222,29737
2021-07-01,7.42,7.21,6.88,6.88,209,27131
2021-07-02,7.25,7.07,7.07,7.25,123,23758
2021-07-06,7.15,7.05,7.0,7.1,113,12270
2021-07-07,7.13,7.01,6.95,7.0,195,26198
2021-07-08,6.99,6.98,6.77,6.99,323,42286
2021-07-09,7.13,7.06,6.95,6.98,123,18077
2021-07-12,7.16,7.1,7.0,7.0,105,7932
2021-07-13,7.36,7.16,6.92,7.11,208,29299
2021-07-14,7.25,7.05,7.05,7.15,67,8000
2021-07-15,7.02,6.95,6.88,7.0,170,24571
2021-07-16,6.99,6.88,6.88,6.96,144,13681
2021-07-19,6.88,6.79,6.7,6.82,253,20931
2021-07-20,6.87,6.87,6.49,6.77,268,24763
2021-07-21,7.15,7.0,6.84,6.84,103,13949
2021-07-22,7.0,6.85,6.85,7.0,80,18797
2021-07-23,7.0,6.94,6.8,6.9,89,29216
2021-07-26,6.96,6.89,6.69,6.96,154,31940
2021-07-27,6.86,6.68,6.42,6.86,113,11835
2021-07-28,6.725,6.55,6.35,6.61,259,46107
2021-07-29,6.61,6.56,6.42,6.56,145,20083
2021-07-30,6.55,6.37,6.21,6.55,269,54528
2021-08-02,6.86,6.71,6.33,6.33,340,34758
2021-08-03,6.75,6.72,6.6,6.7,79,9909
2021-08-04,6.72,6.65,6.49,6.72,127,20405
2021-08-05,6.63,6.38,6.38,6.61,258,35140
2021-08-06,6.64,6.39,6.36,6.4,242,35362
2021-08-09,6.57,6.38,6.22,6.4,176,19008
2021-08-10,6.48,6.19,6.07,6.32,270,55829
2021-08-11,6.54,6.44,6.03,6.03,459,71016
2021-08-12,6.39,6.29,6.25,6.39,129,26906
2021-08-13,6.335,6.22,6.2,6.33,105,18354
2021-08-16,6.23,6.02,5.83,6.16,342,61135
2021-08-17,6.19,5.94,5.85,5.96,395,68286
2021-08-18,5.99,5.8,5.75,5.89,174,19452
2021-08-19,5.83,5.74,5.42,5.58,407,58823
2021-08-20,6.29,6.18,5.79,5.79,386,39651
2021-08-23,6.26,6.26,6.18,6.19,91,12732
2021-08-24,6.43,6.43,6.21,6.22,103,8161
2021-08-25,7.14,7.05,6.37,6.38,320,44812
2021-08-26,7.15,6.79,6.65,7.15,147,21232
2021-08-27,7.04,6.78,6.755,6.88,77,8074
2021-08-30,6.9,6.71,6.71,6.75,104,9876
2021-08-31,6.94,6.91,6.7,6.75,84,10133
2021-09-01,6.99,6.9,6.82,6.91,167,12172
2021-09-02,6.87,6.7,6.68,6.87,133,14794
2021-09-03,6.92,6.89,6.58,6.71,239,43165
2021-09-07,7.035,6.96,6.84,6.88,179,31205
2021-09-08,7.99,7.86,6.96,6.98,1302,142162
2021-09-09,7.86,7.71,7.39,7.78,315,40791
2021-09-10,7.83,7.68,7.61,7.77,141,20950
2021-09-13,8.0,6.14,6.06,7.7,882,120313
2021-09-14,7.52,7.21,6.38,6.38,678,85812
2021-09-15,7.34,7.24,6.9,7.1,267,28181
2021-09-16,7.5,7.47,7.0,7.26,178,22880
2021-09-17,7.6,7.47,7.3,7.47,169,34943
2021-09-20,7.38,7.29,7.25,7.38,192,22234
2021-09-21,7.44,7.33,7.22,7.25,76,12097
2021-09-22,7.72,7.53,7.38,7.38,296,28923
2021-09-23,7.76,7.73,7.53,7.53,143,15665
2021-09-24,7.68,7.58,7.515,7.62,53,7630
2021-09-27,7.8,7.75,7.58,7.58,137,14308
2021-09-28,7.72,7.56,7.46,7.69,94,21081
2021-09-29,7.61,7.61,7.5,7.6,22,1932
2021-09-30,7.92,7.91,7.54,7.6,107,26216
2021-10-01,8.06,8.03,7.88,7.88,241,79610
2021-10-04,8.85,8.79,8.13,8.19,403,61873
2021-10-05,10.06,9.61,8.8,8.8,1069,154301
2021-10-06,9.81,9.56,9.4,9.61,752,95646
2021-10-07,9.61,9.4,9.4,9.43,237,31778
2021-10-08,11.39,10.87,9.5,9.6,1131,125715
2021-10-11,11.26,10.84,10.29,11.21,657,62966
2021-10-12,11.25,10.81,10.69,10.81,318,28882
2021-10-13,11.05,10.91,10.65,10.78,329,24692
2021-10-14,10.93,10.63,10.57,10.93,335,46151
2021-10-15,10.58,10.51,10.06,10.58,228,21180
2021-10-18,10.82,10.53,10.39,10.67,171,30323
2021-10-19,10.47,10.3,10.2,10.47,232,24749
2021-10-20,10.7,10.64,10.18,10.24,239,36175
2021-10-21,11.19,11.16,10.65,10.7,404,41627
2021-10-22,11.32,11.06,10.85,11.14,229,30129
2021-10-25,11.31,11.2,11.06,11.06,203,25106
2021-10-26,11.55,11.1,11.1,11.16,276,31302
2021-10-27,11.0,10.76,10.55,10.91,244,24181
2021-10-28,10.86,10.81,10.43,10.76,191,25465
2021-10-29,11.31,11.01,10.68,10.68,351,40825
2021-11-01,11.23,11.23,10.96,11.13,251,23439
2021-11-02,11.305,11.1,10.79,11.23,237,17006
2021-11-03,11.515,11.21,10.88,11.05,342,53080
2021-11-04,11.2,10.5,10.24,11.2,384,40140
2021-11-05,12.16,11.46,11.15,11.6,977,132335
2021-11-08,13.4,13.38,11.36,11.36,665,96991
2021-11-09,13.95,13.56,12.66,13.9,1033,136353
2021-11-10,13.71,13.3,13.11,13.71,379,44850
2021-11-11,14.57,14.55,13.25,13.3,485,69220
2021-11-12,14.78,14.25,13.77,13.77,577,89244
2021-11-15,14.5,14.01,13.96,14.34,459,47330
2021-11-16,14.0,13.45,13.37,14.0,383,103504
2021-11-17,13.36,13.16,13.03,13.35,267,26175
2021-11-18,13.16,12.63,12.45,13.16,661,63851
2021-11-19,14.59,14.27,12.75,12.75,807,142476
2021-11-22,16.39,15.2,14.75,14.75,1454,172067
2021-11-23,16.66,15.19,14.62,16.16,1230,167855
2021-11-24,15.47,15.02,14.98,15.03,398,46610
2021-11-26,16.22,16.1,14.34,14.75,355,70335
2021-11-29,17.43,16.57,16.34,16.5,1292,198570
2021-11-30,16.57,14.78,14.7,16.5,682,96745
2021-12-01,16.22,15.15,14.91,14.91,425,54844
2021-12-02,15.57,15.29,15.0,15.13,259,31647
2021-12-03,15.63,14.17,13.87,15.5,610,68977
2021-12-06,15.31,15.16,14.09,14.27,445,51984
2021-12-07,15.96,15.47,15.24,15.54,301,32491
2021-12-08,15.85,15.15,15.15,15.64,308,28647
2021-12-09,15.0,14.79,14.6,15.0,148,17949
2021-12-10,14.95,14.07,13.79,14.95,452,61756
2021-12-13,13.84,13.49,12.79,13.73,416,82439
2021-12-14,14.03,13.15,13.06,13.21,427,59833
2021-12-15,13.56,13.45,12.7,12.93,704,61592
2021-12-16,14.18,12.93,12.93,13.49,363,42235
2021-12-17,13.96,13.75,12.02,12.66,595,81215
2021-12-20,13.54,12.78,12.37,13.34,654,83065
2021-12-21,13.91,13.42,13.03,13.29,298,43253
2021-12-22,13.44,13.1,13.0,13.22,579,93986
2021-12-23,13.1,12.94,12.86,12.96,462,43589
2021-12-27,12.92,12.78,12.63,12.81,249,33256
2021-12-28,12.66,12.22,12.1,12.62,405,60853
2021-12-29,12.93,12.68,12.0,12.26,198,27162
2021-12-30,13.12,12.81,12.5,12.53,112,13229
2021-12-31,13.73,13.2,12.75,12.75,380,58785
2022-01-03,15.33,15.06,13.24,13.24,529,61250
2022-01-04,15.87,15.15,15.0,15.14,302,21256
2022-01-05,15.22,14.62,14.25,15.2,637,58241
2022-01-06,15.49,14.49,14.31,14.54,404,31048
2022-01-07,15.49,15.19,14.45,14.71,432,62466
2022-01-10,15.38,15.05,14.76,15.0,315,37352
2022-01-11,15.62,15.27,14.75,15.07,346,31701
2022-01-12,16.5,16.24,15.2,15.35,581,75640
2022-01-13,17.1,16.32,16.1,16.2,591,56171
2022-01-14,16.73,15.42,15.21,16.03,736,60847
2022-01-18,15.76,14.81,14.74,15.5,693,71946
2022-01-19,15.04,14.31,14.25,14.82,373,37670
2022-01-20,15.41,14.6,14.31,14.36,476,45576
2022-01-21,14.6,14.0,13.4,14.32,587,91228
2022-01-24,14.0,13.99,12.42,14.0,1312,148772
2022-01-25,14.24,13.9,13.53,13.88,588,52252
2022-01-26,14.64,13.91,13.56,14.2,494,63737
2022-01-27,14.29,14.07,13.76,14.09,408,29869
2022-01-28,14.22,14.16,13.865,13.97,259,19927
2022-01-31,14.24,14.08,13.87,13.88,301,25414
2022-02-01,14.76,14.45,13.79,13.79,722,84259
2022-02-02,14.39,14.18,13.95,14.39,184,16407
2022-02-03,14.14,13.91,13.84,14.0,167,19103
2022-02-04,14.06,13.81,13.6,13.79,99,14122
2022-02-07,15.05,14.82,14.1,14.1,590,81900
2022-02-08,15.14,15.0,14.6,14.82,480,37385
2022-02-09,15.81,15.53,14.97,14.99,878,72790
2022-02-10,15.97,15.96,15.66,15.84,434,58244
2022-02-11,16.35,16.29,15.9,16.0,811,89394
2022-02-14,17.25,16.35,16.32,16.35,1203,82395
2022-02-15,16.85,16.77,16.25,16.45,307,28847
2022-02-16,17.02,16.37,16.24,16.78,409,97009
2022-02-17,16.48,15.88,15.72,16.48,394,30628
2022-02-18,15.5,15.03,14.78,15.5,853,80995
2022-02-22,15.38,14.65,14.46,15.03,435,38617
2022-02-23,14.96,14.39,14.26,14.81,441,36049
2022-02-24,14.81,14.65,13.62,14.0,812,82334
2022-02-25,14.68,14.68,13.25,14.2,1291,95794
2022-02-28,15.99,15.5,14.92,14.92,561,62799
2022-03-01,15.99,14.74,14.71,15.99,531,62459
2022-03-02,15.425,15.16,14.75,14.8,293,19043
2022-03-03,16.07,15.53,14.95,15.1,503,46409
2022-03-04,15.6,15.46,15.03,15.51,224,12976
2022-03-07,16.28,15.76,15.19,15.72,391,32924
2022-03-08,16.48,16.02,15.42,15.85,628,68481
2022-03-09,16.38,15.02,14.4,16.05,1387,140756
2022-03-10,15.18,14.93,14.58,15.18,492,35991
2022-03-11,15.54,15.15,14.66,14.87,394,28936
2022-03-14,14.9,13.53,13.53,14.83,462,74917
2022-03-15,14.18,13.99,12.88,13.4,531,49161
2022-03-16,14.24,14.23,13.7,14.22,407,34285
2022-03-17,14.61,14.48,14.2,14.4,374,40916
2022-03-18,14.37,13.9,13.7,14.37,506,79945
2022-03-21,14.0,13.77,13.63,13.99,448,66517
2022-03-22,13.85,13.76,13.59,13.77,306,23074
2022-03-23,13.81,13.15,13.12,13.81,438,67801
2022-03-24,14.06,13.8,13.11,13.11,308,31842
2022-03-25,13.99,13.55,13.55,13.87,224,12709
2022-03-28,13.53,13.35,13.11,13.5,154,15428
2022-03-29,13.72,13.49,13.11,13.11,458,21519
2022-03-30,13.78,13.32,13.3,13.64,302,28892
2022-03-31,13.7,13.61,13.35,13.35,206,18258
2022-04-01,13.75,13.6,13.35,13.56,145,13083
2022-04-04,13.83,12.98,12.95,13.83,456,69945
2022-04-05,13.23,13.22,12.96,13.02,455,47915
2022-04-06,13.28,13.0,12.95,13.16,523,49546
2022-04-07,13.07,13.07,12.36,13.0,453,40997
2022-04-08,13.19,13.09,13.04,13.04,233,13529
2022-04-11,13.1,12.6,12.5,13.1,422,40362
2022-04-12,12.99,12.55,12.4,12.65,473,52626
2022-04-13,13.57,13.38,12.57,12.57,606,55524
2022-04-14,13.87,13.58,13.36,13.41,700,49187
2022-04-18,13.68,13.33,13.27,13.68,249,27411
2022-04-19,13.65,13.56,13.21,13.28,135,10116
2022-04-20,14.27,14.27,13.49,13.54,140,13979
2022-04-21,14.65,13.83,13.83,14.41,293,31846
2022-04-22,14.3,14.0,13.62,13.71,230,22936
2022-04-25,14.43,14.34,13.19,13.68,524,68927
2022-04-26,15.29,15.01,14.34,14.34,400,31048
2022-04-27,15.75,15.74,14.84,14.84,411,48400
2022-04-28,15.95,15.25,15.21,15.76,330,51582
2022-04-29,15.32,14.26,14.18,15.32,353,28222
2022-05-02,14.8,14.3,14.12,14.4,293,30798
2022-05-03,15.27,15.18,14.47,14.64,224,16791
2022-05-04,15.84,15.78,15.2,15.2,242,26606
2022-05-05,15.99,15.38,14.99,15.99,348,35101
2022-05-06,15.32,14.32,14.21,15.32,305,43075
2022-05-09,14.74,12.5,12.3,14.74,814,121201
2022-05-10,13.06,12.46,12.34,12.7,335,29731
2022-05-11,13.81,13.15,12.5,12.5,294,30735
2022-05-12,13.175,13.07,12.62,12.8,159,20842
2022-05-13,13.69,13.5,13.25,13.25,177,13183
2022-05-16,13.86,13.4,13.39,13.65,183,16010
2022-05-17,13.73,13.36,13.36,13.62,285,13214
2022-05-18,13.55,13.29,12.8,13.33,412,39196
2022-05-19,13.25,12.88,12.74,13.25,303,20684
2022-05-20,12.96,12.79,12.5,12.84,183,13461
2022-05-23,13.04,12.96,12.67,12.96,162,25094
2022-05-24,12.91,12.83,12.46,12.9,286,32869
2022-05-25,13.15,13.13,12.69,12.69,49,3626
2022-05-26,13.48,13.42,13.0,13.07,230,21538
2022-05-27,14.35,14.35,13.27,13.27,816,63839
2022-05-31,14.5,13.89,13.81,14.5,113,12558
2022-06-01,14.53,14.45,13.83,13.83,278,26519
2022-06-02,14.65,14.34,14.27,14.47,147,10111
2022-06-03,14.34,14.33,14.18,14.2,124,16305
2022-06-06,14.94,14.83,14.25,14.25,221,17900
2022-06-07,15.35,15.02,14.72,15.0,278,31902
2022-06-08,15.21,14.8,14.565,15.0,129,20163
2022-06-09,15.09,14.73,14.54,14.6,166,12335
2022-06-10,15.14,14.38,14.25,14.82,170,17044
2022-06-13,14.06,13.13,13.09,14.06,394,52471
2022-06-14,13.51,12.96,12.77,13.5,467,50682
2022-06-15,13.2,13.1,12.76,12.97,97,12193
2022-06-16,12.82,11.54,11.24,12.71,1044,104742
2022-06-17,11.6,10.15,9.84,11.59,1363,161972
2022-06-21,11.0,10.78,10.22,10.3,842,83659
2022-06-22,10.68,10.47,10.25,10.6,937,93010
2022-06-23,10.74,9.93,9.42,10.55,781,81575
2022-06-24,10.49,10.49,9.71,9.91,559,50864
2022-06-27,11.52,11.52,10.255,10.49,370,42657
2022-06-28,12.35,11.48,11.18,12.08,311,43847
2022-06-29,11.66,10.8,10.645,11.66,460,31290
2022-06-30,10.78,10.39,10.22,10.56,307,28183
2022-07-01,10.605,10.22,10.11,10.39,317,34597
2022-07-05,9.92,8.99,8.96,9.92,910,105035
2022-07-06,9.45,8.64,8.42,9.45,670,82855
2022-07-07,9.84,9.8,8.79,8.79,575,55531
2022-07-08,10.5,10.27,9.65,9.85,444,34759
2022-07-11,10.34,10.14,9.95,10.25,210,17851
2022-07-12,10.28,10.27,9.93,10.12,221,17644
2022-07-13,10.29,10.27,10.09,10.09,92,8661
2022-07-14,10.26,9.79,9.57,10.2,449,48656
2022-07-15,10.51,10.51,9.83,10.0,225,34668
2022-07-18,10.76,10.5,10.42,10.75,344,74098
2022-07-19,10.76,10.63,10.36,10.5,197,14530
2022-07-20,11.22,11.09,10.63,10.63,153,13594
2022-07-21,10.97,10.9,10.54,10.65,299,21965
2022-07-22,11.65,11.45,10.8,10.97,232,21865
2022-07-25,11.53,11.35,11.23,11.4,141,14760
2022-07-26,11.51,11.01,10.78,11.24,399,35787
2022-07-27,11.465,11.42,10.9,11.05,190,22996
2022-07-28,11.7,11.69,11.22,11.42,261,34160
2022-07-29,12.33,12.31,11.56,11.63,295,30674
2022-08-01,12.8,12.75,12.03,12.31,303,36951
2022-08-02,13.74,13.47,12.59,12.59,326,35553
2022-08-03,13.58,13.15,13.01,13.55,319,23406
2022-08-04,13.67,13.16,12.65,12.99,500,40595
2022-08-05,17.23,15.685,14.8,15.25,2239,329851
2022-08-08,17.15,16.4,16.24,16.7,1909,167448
2022-08-09,16.7,15.7,15.53,16.7,931,98251
2022-08-10,16.1,15.74,15.65,16.0,617,56868
2022-08-11,16.23,15.83,15.83,16.05,473,39299
2022-08-12,16.75,16.48,15.85,15.99,999,114368
2022-08-15,16.515,16.27,15.88,16.14,684,71546
2022-08-16,16.66,16.3,16.18,16.62,441,46509
2022-08-17,16.83,16.68,16.3,16.31,447,38419
2022-08-18,18.47,17.46,17.0,17.05,1744,209882
2022-08-19,17.74,16.74,16.68,17.5,1120,89425
2022-08-22,17.06,17.06,16.01,16.62,538,39074
2022-08-23,17.87,17.64,17.21,17.21,573,47645
2022-08-24,17.95,17.87,17.59,17.65,428,51582
2022-08-25,18.0,17.92,17.65,18.0,238,26993
2022-08-26,17.92,17.84,17.44,17.92,488,41252
2022-08-29,17.9,17.54,17.45,17.79,230,30974
2022-08-30,17.5,16.9,16.47,17.5,280,39257
2022-08-31,17.78,17.32,16.81,17.2,232,26839
2022-09-01,17.34,17.33,16.65,17.28,282,32810
2022-09-02,17.78,17.48,17.17,17.78,211,13811
2022-09-06,17.32,16.77,16.74,17.32,283,18112
2022-09-07,17.16,17.16,16.24,16.76,162,11448
2022-09-08,17.18,17.17,16.7,16.91,181,9435
2022-09-09,17.66,17.6,17.2,17.21,398,50988
2022-09-12,17.72,17.37,17.25,17.72,107,8195
2022-09-13,17.36,17.18,17.02,17.36,155,10000
2022-09-14,17.49,17.21,17.0,17.21,151,9619
2022-09-15,17.31,16.64,16.62,17.01,209,29395
2022-09-16,17.06,16.57,16.17,16.51,489,42262
2022-09-19,17.14,17.14,16.31,16.31,264,21263
2022-09-20,17.0,16.87,16.63,16.99,242,18266
2022-09-21,16.9,15.95,15.52,16.9,331,38875
2022-09-22,16.23,16.06,15.77,15.95,311,43170
2022-09-23,15.315,14.435,14.13,15.27,741,89450
2022-09-26,14.83,13.05,13.05,14.32,730,91224
2022-09-27,13.59,13.25,12.96,13.31,720,56353
2022-09-28,13.96,13.75,13.02,13.06,408,49073
2022-09-29,13.8,13.14,13.14,13.59,243,15056
2022-09-30,13.29,12.81,12.81,13.05,347,29302
2022-10-03,13.51,13.3,13.23,13.39,562,35175
2022-10-04,14.095,13.57,13.44,14.03,685,43434
2022-10-05,13.61,13.41,13.33,13.57,579,42046
2022-10-06,13.64,13.61,13.25,13.31,463,38035
2022-10-07,14.5,14.5,13.32,13.32,863,70403
2022-10-10,14.95,14.95,14.49,14.49,391,29977
2022-10-11,15.13,14.73,14.11,14.65,545,67955
2022-10-12,15.0,14.98,14.35,14.45,373,24953
2022-10-13,15.91,15.8,14.4,14.72,526,42256
2022-10-14,16.07,15.76,15.6,16.02,857,76329
2022-10-17,16.85,16.85,15.94,15.98,363,31038
2022-10-18,17.2,16.8,16.54,16.94,490,38970
2022-10-19,17.66,17.56,16.5,16.5,543,39061
2022-10-20,18.18,17.63,17.35,17.69,811,48427
2022-10-21,18.34,17.9,17.68,17.87,773,134207
2022-10-24,17.88,17.16,16.96,17.88,219,18786
2022-10-25,18.3,18.1,16.97,16.97,296,28740
2022-10-26,19.29,19.1,18.25,18.35,1106,94908
2022-10-27,20.24,19.05,19.03,19.45,508,36706
2022-10-28,19.2,18.92,18.53,19.2,553,54755
2022-10-31,19.95,19.88,18.87,18.87,631,43515
2022-11-01,20.0,19.79,19.61,20.0,308,18873
2022-11-02,20.06,19.29,19.29,19.75,399,31375
2022-11-03,19.7,19.36,18.85,19.0,325,27279
2022-11-04,19.7,19.31,18.98,19.6,392,32216
2022-11-07,20.2,19.91,19.15,19.31,380,29729
2022-11-08,20.4,19.93,19.72,20.29,551,66648
2022-11-09,20.125,18.07,17.11,19.93,1025,161977
2022-11-10,19.06,18.19,17.83,17.83,660,79818
2022-11-11,18.34,18.1,17.94,18.02,685,46407
2022-11-14,18.09,17.78,17.37,17.58,467,31637
2022-11-15,17.98,17.65,17.61,17.98,341,15189
2022-11-16,17.8,17.47,17.3,17.54,280,21301
2022-11-17,17.4,17.15,16.79,17.4,271,19981
2022-11-18,17.15,16.86,16.75,16.95,322,24103
2022-11-21,16.84,16.67,15.68,16.54,315,31420
2022-11-22,17.23,16.99,16.6,16.93,395,37605
2022-11-23,16.87,16.67,16.62,16.85,291,21116
2022-11-25,16.91,16.58,16.44,16.91,192,14255
2022-11-28,16.41,16.16,16.06,16.25,263,20693
2022-11-29,16.45,15.79,15.66,16.45,648,53313
2022-11-30,15.96,15.93,15.07,15.96,973,105882
2022-12-01,16.3,15.945,15.72,15.91,754,65816
2022-12-02,15.9,15.01,14.9,15.61,994,109610
2022-12-05,15.0,14.15,13.9,15.0,1037,92003
2022-12-06,14.27,14.12,13.87,14.21,1064,79418
2022-12-07,14.23,13.33,13.13,14.23,1316,152961
2022-12-08,14.13,14.0,13.05,13.18,907,66674
2022-12-09,14.28,14.18,13.97,14.16,823,66895
2022-12-12,14.42,14.13,14.06,14.18,533,62127
2022-12-13,14.52,14.02,13.865,14.39,581,95226
2022-12-14,14.3,13.93,13.35,14.3,548,44726
2022-12-15,14.67,14.58,13.69,13.69,569,59340
2022-12-16,14.43,14.08,13.89,14.43,253,29477
2022-12-19,14.1,13.83,13.57,14.06,834,61987
2022-12-20,14.05,13.69,13.61,13.86,781,65604
2022-12-21,13.91,13.57,13.35,13.91,658,85973
2022-12-22,13.68,12.9,12.81,13.61,849,80220
2022-12-23,13.1,12.98,12.52,12.77,779,84262
2022-12-27,13.61,13.38,12.76,13.13,471,53881
2022-12-28,14.44,14.16,13.33,13.44,301,47848
2022-12-29,16.1,16.03,14.23,14.23,569,53850
2022-12-30,17.1,16.88,15.95,16.01,662,116852
2023-01-03,17.49,16.35,16.02,16.88,470,39087
2023-01-04,16.31,16.25,15.8,16.14,253,23007
2023-01-05,17.315,17.18,16.2,16.2,314,27678
2023-01-06,17.68,16.76,16.75,17.36,174,17409
2023-01-09,17.28,16.87,16.68,16.76,171,14128
2023-01-10,17.14,17.0,16.71,17.14,99,12131
