Date,HIGH,CLOSE,LOW,OPEN,COUNT,VOLUME
2018-06-27,24.9,24.9,24.9,24.9,1,1000
2018-06-28,25.25,25.25,25.25,25.25,1,102
2018-06-29,24.89,24.89,24.89,24.89,3,500
2018-07-02,24.52,24.52,24.52,24.52,1,800
2018-07-03,25.0,25.0,24.1,24.1,2,300
2018-07-05,24.89,24.85,24.75,24.89,13,3493
2018-07-06,24.83,24.83,24.83,24.83,1,600
2018-07-09,24.95,24.95,24.76,24.76,10,3415
2018-07-11,25.0,25.0,24.95,24.95,15,3515
2018-07-12,25.0,25.0,24.55,24.55,16,3096
2018-07-13,25.05,25.05,24.6,25.0,12,2240
2018-07-16,25.0,24.89,24.89,25.0,9,452
2018-07-18,25.05,25.04,25.04,25.04,5,1100
2018-07-19,25.05,25.05,25.05,25.05,1,160
2018-07-20,25.2,24.96,24.96,24.96,5,445
2018-07-24,24.96,24.91,24.91,24.96,4,1005
2018-07-25,25.0,24.92,24.86,24.89,16,4636
2018-07-26,25.0,25.0,25.0,25.0,3,1630
2018-07-27,25.0,25.0,24.86,24.86,2,380
2018-07-30,25.25,25.25,25.07,25.07,2,355
2018-07-31,25.45,25.45,25.0,25.25,9,1320
2018-08-01,25.5,25.36,25.36,25.5,6,1300
2018-08-02,25.43,25.27,25.27,25.43,8,800
2018-08-03,25.22,25.2,25.1,25.1,6,1220
2018-08-06,25.35,25.0,25.0,25.35,6,835
2018-08-07,26.48,25.45,25.25,25.25,7,786
2018-08-09,26.56,25.22,24.63,26.56,43,6183
2018-08-10,25.01,24.95,24.95,25.01,2,499
2018-08-13,24.9,24.9,24.9,24.9,2,80
2018-08-14,24.9,24.85,24.85,24.9,2,380
2018-08-15,24.9,24.9,24.83,24.84,8,1973
2018-08-16,25.03,25.03,25.03,25.03,1,99
2018-08-17,25.06,25.06,25.06,25.06,1,99
2018-08-20,25.0,25.0,25.0,25.0,2,620
2018-08-21,25.13,25.13,25.13,25.13,1,40
2018-08-24,25.6,25.6,25.17,25.17,5,345
2018-08-27,25.16,25.15,25.15,25.16,13,6026
2018-08-28,25.15,25.13,25.13,25.15,15,4643
2018-08-29,25.13,25.12,25.1,25.12,20,2209
2018-08-30,25.16,25.15,25.05,25.05,15,2480
2018-08-31,25.15,25.02,25.02,25.15,5,1220
2018-09-04,25.19,25.19,25.15,25.15,23,8311
2018-09-05,25.35,25.35,25.15,25.15,5,625
2018-09-06,25.36,25.36,25.36,25.36,2,1010
2018-09-07,25.48,25.48,25.35,25.35,2,811
2018-09-10,25.35,25.35,25.35,25.35,1,54
2018-09-11,25.4,25.35,25.35,25.4,7,1296
2018-09-12,25.3,25.3,25.3,25.3,1,50
2018-09-13,25.67,25.67,25.67,25.67,1,1
2018-09-18,25.67,25.25,25.25,25.67,4,408
2018-09-19,25.59,25.59,25.59,25.59,1,1
2018-09-21,26.44,26.44,26.09,26.09,2,100
2018-09-26,26.3,26.3,26.3,26.3,1,13
2018-09-27,25.42,25.42,25.41,25.41,2,109
2018-09-28,25.97,25.97,25.95,25.95,2,101
2018-10-01,25.96,25.95,25.95,25.96,2,187
2018-10-02,25.96,25.7,25.7,25.96,3,1550
2018-10-03,25.69,25.2,25.2,25.69,13,1444
2018-10-04,25.25,25.2,25.16,25.25,7,2436
2018-10-10,26.15,26.08,25.7,25.7,6,2325
2018-10-11,26.25,26.25,26.25,26.25,1,1
2018-10-15,26.08,26.08,26.08,26.08,1,1
2018-10-16,26.25,26.25,25.38,26.08,8,559
2018-10-17,25.6,25.6,25.4,25.4,2,189
2018-10-19,25.89,25.89,25.89,25.89,1,16
2018-10-29,26.25,25.05,25.05,26.25,25,2814
2018-10-30,25.14,25.14,25.0,25.0,8,886
2018-11-01,25.54,25.51,25.3,25.39,6,582
2018-11-02,25.6,25.6,25.59,25.59,2,150
2018-11-05,25.6,25.27,25.16,25.6,12,2062
2018-11-07,25.25,25.25,25.15,25.2,17,2740
2018-11-08,25.24,25.17,25.15,25.24,6,1000
2018-11-09,25.12,25.06,25.06,25.12,13,2024
2018-11-12,25.37,25.37,25.37,25.37,2,380
2018-11-13,25.48,25.11,25.05,25.48,12,2601
2018-11-15,24.99,24.81,24.55,24.99,58,12047
2018-11-16,24.8,24.75,24.75,24.8,13,1806
2018-11-19,24.8,24.61,24.61,24.8,5,1410
2018-11-20,24.74,24.7,24.61,24.7,7,1710
2018-11-21,24.61,24.61,24.61,24.61,1,805
2018-11-26,24.85,24.85,24.8,24.8,4,4950
2018-11-27,24.95,24.95,24.89,24.89,4,500
2018-11-28,25.17,24.95,24.94,24.95,18,3500
2018-11-29,24.95,24.77,24.77,24.82,13,1301
2018-11-30,24.79,24.79,24.79,24.79,1,35
2018-12-03,25.0,24.86,24.86,24.99,6,1310
2018-12-04,25.05,25.05,25.05,25.05,1,80
2018-12-06,25.0,24.9,24.9,25.0,14,2704
2018-12-10,24.94,24.94,24.78,24.85,8,1100
2018-12-14,24.78,24.78,24.78,24.78,1,75
2018-12-17,25.1,24.8,24.6,24.78,14,4189
2018-12-18,24.975,24.89,24.5,24.5,8,2703
2018-12-19,24.97,24.78,24.78,24.84,3,509
2018-12-26,24.8,24.8,24.8,24.8,1,100
2018-12-27,24.99,24.9,24.9,24.9,6,450
2018-12-28,24.88,24.88,24.5,24.62,9,1000
2018-12-31,24.95,24.5,24.34,24.95,15,1868
2019-01-02,24.65,24.1,24.1,24.65,14,1900
2019-01-07,24.9,24.4,24.4,24.54,6,1031
2019-01-08,24.95,24.95,24.75,24.75,4,1000
2019-01-09,24.8,24.75,24.75,24.8,7,426
2019-01-11,24.8,24.8,24.55,24.55,4,490
2019-01-14,24.85,24.85,24.85,24.85,1,100
2019-01-16,24.91,24.81,24.8,24.91,4,392
2019-01-18,24.99,24.99,24.95,24.95,4,584
2019-01-22,25.0,24.92,24.92,25.0,10,2713
2019-01-23,24.95,24.9,24.9,24.9,6,946
2019-01-24,24.8,24.8,24.7,24.8,5,404
2019-01-25,24.88,24.88,24.54,24.54,5,301
2019-01-28,24.9,24.88,24.8,24.8,5,864
2019-01-29,25.05,25.05,25.0,25.0,2,400
2019-01-30,24.76,24.75,24.75,24.76,3,600
2019-02-01,25.2,24.91,24.91,25.2,9,1890
2019-02-04,24.95,24.85,24.85,24.95,4,338
2019-02-05,24.99,24.99,24.99,24.99,1,45
2019-02-06,25.0,25.0,24.99,24.99,3,405
2019-02-07,25.0,25.0,25.0,25.0,3,300
2019-02-08,25.2,25.2,24.95,24.95,6,293
2019-02-11,25.0,24.9,24.9,25.0,6,917
2019-02-12,24.82,24.78,24.77,24.82,9,642
2019-02-13,24.81,24.79,24.64,24.81,16,2428
2019-02-14,24.9,24.84,24.84,24.9,3,172
2019-02-15,25.7,25.7,25.2,25.2,5,440
2019-02-19,25.5,25.05,25.0,25.5,12,1846
2019-02-20,25.01,24.99,24.98,25.0,25,5070
2019-02-21,25.25,25.18,25.18,25.23,5,1020
2019-02-22,25.18,25.0,24.99,25.18,15,2380
2019-02-25,25.05,24.95,24.95,25.05,8,1050
2019-02-26,25.0,25.0,24.94,24.94,4,784
2019-02-27,25.0,24.76,24.76,25.0,17,3970
2019-02-28,24.77,24.69,24.69,24.77,14,2548
2019-03-01,24.95,24.95,24.7,24.71,17,3220
2019-03-04,24.9,24.72,24.72,24.9,21,3841
2019-03-05,24.75,24.5,24.5,24.75,46,12238
2019-03-06,24.63,24.45,23.61,24.58,32,5696
2019-03-07,24.4,23.87,23.45,24.4,67,11372
2019-03-08,24.19,24.18,24.18,24.19,2,80
2019-03-11,24.55,24.55,24.18,24.18,20,4520
2019-03-12,24.69,24.69,24.54,24.54,4,277
2019-03-13,24.74,24.74,24.66,24.66,4,402
2019-03-14,24.74,24.67,24.67,24.74,12,1653
2019-03-18,24.74,24.74,24.65,24.65,11,3232
2019-03-19,25.0,25.0,24.65,24.74,17,5115
2019-03-20,24.72,24.72,24.65,24.7,6,900
2019-03-21,24.99,24.99,24.8,24.8,6,2306
2019-03-22,24.95,24.85,24.85,24.95,5,1615
2019-03-25,25.2,25.18,24.89,24.89,14,5391
2019-03-26,25.17,25.1,25.1,25.17,2,140
2019-03-27,25.1,24.95,24.95,25.1,9,1602
2019-03-28,24.99,24.99,24.84,24.9,11,1060
2019-03-29,25.3,25.3,24.99,24.99,106,23445
2019-04-01,25.45,25.155,25.05,25.45,19,3600
2019-04-02,25.35,25.35,25.1,25.1,19,6295
2019-04-03,25.49,25.15,25.15,25.49,4,1190
2019-04-04,25.46,25.27,25.2,25.46,14,3095
2019-04-05,25.35,25.35,25.35,25.35,1,200
2019-04-08,25.63,25.63,25.44,25.44,4,696
2019-04-09,25.73,25.73,25.35,25.37,10,1000
2019-04-10,25.41,25.15,25.13,25.41,55,13704
2019-04-11,25.25,25.1,25.07,25.15,34,7160
2019-04-12,25.15,25.08,24.9,25.08,44,10830
2019-04-15,25.25,25.16,25.04,25.04,25,3739
2019-04-16,25.31,25.3,25.11,25.31,20,4520
2019-04-17,25.1,24.94,24.94,25.1,40,7488
2019-04-18,24.99,24.99,24.85,24.97,21,6101
2019-04-22,25.45,25.09,25.02,25.45,13,1870
2019-04-23,25.25,25.25,25.05,25.05,10,2149
2019-04-24,25.4,25.26,25.15,25.15,14,2814
2019-04-25,25.35,25.35,25.35,25.35,2,300
2019-04-26,25.5,25.5,25.4,25.4,9,1017
2019-04-29,25.5,25.5,25.38,25.39,7,856
2019-04-30,25.4,25.4,25.35,25.35,3,800
2019-05-01,25.38,25.38,25.35,25.38,7,601
2019-05-02,25.3,25.3,25.3,25.3,2,200
2019-05-03,25.32,25.32,25.32,25.32,4,559
2019-05-06,25.38,25.38,25.33,25.33,2,31
2019-05-07,25.3,25.3,25.3,25.3,2,116
2019-05-08,25.31,25.25,25.215,25.3,10,3025
2019-05-09,25.15,25.15,25.15,25.15,4,1120
2019-05-14,25.29,25.29,25.2,25.2,4,435
2019-05-15,25.45,25.45,25.33,25.33,7,2025
2019-05-16,25.5,25.35,25.2,25.5,4,303
2019-05-17,25.33,25.33,25.33,25.33,1,1
2019-05-20,25.5,25.5,25.45,25.45,2,1200
2019-05-21,25.47,25.41,25.41,25.47,5,500
2019-05-22,25.5,25.5,25.49,25.49,4,1348
2019-05-23,25.55,25.49,25.49,25.55,4,319
2019-05-24,25.45,25.26,25.26,25.45,18,2923
2019-05-28,25.45,25.23,25.22,25.45,10,2405
2019-05-29,25.34,25.3,25.22,25.22,9,1098
2019-05-30,25.24,25.12,25.12,25.24,4,573
2019-05-31,25.1,25.1,25.1,25.1,1,68
2019-06-03,25.1,25.05,25.05,25.1,3,730
2019-06-04,25.24,25.06,25.0,25.24,16,2201
2019-06-05,25.2,25.05,25.05,25.16,8,4144
2019-06-06,25.15,25.15,25.0,25.05,8,1840
2019-06-07,25.2,25.18,25.18,25.18,5,714
2019-06-10,25.2,25.02,25.02,25.2,11,1658
2019-06-11,25.17,25.17,25.17,25.17,1,45
2019-06-12,25.08,25.0,25.0,25.08,15,3550
2019-06-13,25.15,25.15,25.1,25.1,3,500
2019-06-14,25.15,25.0,24.95,25.15,39,8084
2019-06-17,24.99,24.92,24.87,24.99,18,6014
2019-06-18,25.01,25.0,24.95,24.95,7,2009
2019-06-19,25.1,25.0,25.0,25.1,4,341
2019-06-21,25.125,25.125,24.99,25.0,19,3710
2019-06-24,25.25,25.16,25.08,25.15,15,1679
2019-06-25,25.16,25.16,25.16,25.16,2,480
2019-06-26,25.45,25.15,25.0,25.45,21,19916
2019-06-27,25.09,24.95,24.91,25.09,29,4388
2019-06-28,24.95,24.9,24.9,24.95,11,1411
2019-07-01,24.84,24.78,24.78,24.8,30,11621
2019-07-02,24.98,24.75,24.74,24.79,17,2067
2019-07-03,24.9,24.8,24.75,24.75,3,956
2019-07-05,24.87,24.87,24.83,24.83,5,386
2019-07-08,25.01,25.01,24.85,24.85,43,7054
2019-07-09,25.0,24.99,24.99,25.0,4,794
2019-07-10,25.0,25.0,24.93,24.93,13,1438
2019-07-11,25.0,25.0,25.0,25.0,9,2343
2019-07-12,25.0,25.0,25.0,25.0,2,145
2019-07-15,25.0,24.97,24.97,25.0,17,4489
2019-07-16,25.0,24.965,24.92,25.0,25,2431
2019-07-17,25.0,25.0,24.95,25.0,17,1542
2019-07-18,25.0,25.0,24.91,24.91,14,917
2019-07-19,25.0,25.0,24.96,24.96,16,1818
2019-07-22,25.0,25.0,24.995,25.0,56,10874
2019-07-23,25.2,25.2,25.0,25.0,29,7078
2019-07-24,25.23,25.19,25.19,25.19,7,460
2019-07-25,25.25,25.25,25.2,25.22,28,3049
2019-07-26,25.35,25.24,25.24,25.35,4,4190
2019-07-29,25.4,25.17,25.17,25.2,9,1477
2019-07-30,25.23,25.18,25.0,25.0,12,1070
2019-07-31,25.3,25.3,25.23,25.26,3,247
2019-08-01,25.32,25.32,25.25,25.25,3,742
2019-08-02,25.22,25.22,25.21,25.21,3,227
2019-08-05,25.22,25.06,25.06,25.22,12,2189
2019-08-07,25.09,25.07,25.07,25.07,4,425
2019-08-08,25.21,25.21,25.08,25.08,6,1446
2019-08-09,25.2,25.2,25.18,25.18,3,697
2019-08-12,25.2,25.2,25.05,25.05,8,644
2019-08-13,25.11,25.11,25.11,25.11,1,3
2019-08-14,25.22,25.09,25.09,25.22,17,2230
2019-08-15,25.05,24.98,24.88,25.05,29,4125
2019-08-16,25.0,25.0,24.95,24.95,5,535
2019-08-19,25.04,24.99,24.9,25.04,43,9794
2019-08-20,24.95,24.93,24.8,24.9,78,22910
2019-08-21,24.96,24.96,24.9,24.91,15,2935
2019-08-22,25.0,25.0,24.95,25.0,21,2520
2019-08-23,25.0,24.98,24.98,25.0,10,1430
2019-08-26,25.07,25.07,25.06,25.06,8,602
2019-08-27,25.15,25.15,25.08,25.1,15,2777
2019-08-28,25.2,25.2,25.05,25.05,14,2306
2019-08-29,25.4,25.4,24.95,25.17,20,5500
2019-08-30,25.42,25.31,25.3,25.4,39,4837
2019-09-03,25.37,25.295,25.25,25.37,8,752
2019-09-04,25.28,25.21,25.21,25.28,8,602
2019-09-05,25.28,25.27,25.0,25.28,11,1562
2019-09-06,25.22,25.22,25.13,25.13,2,110
2019-09-09,25.22,25.06,25.06,25.22,20,3039
2019-09-11,25.2,25.13,25.1,25.1,15,1302
2019-09-12,25.15,25.12,25.12,25.15,3,604
2019-09-13,25.32,25.2,25.07,25.22,20,4144
2019-09-16,25.29,25.14,25.14,25.29,13,1285
2019-09-17,25.19,25.16,25.16,25.19,5,320
2019-09-18,25.28,25.17,25.15,25.28,21,3955
2019-09-19,25.3,25.12,25.1,25.3,43,6675
2019-09-20,25.19,25.15,25.13,25.13,8,1193
2019-09-23,25.25,25.25,25.2,25.24,9,859
2019-09-24,25.34,25.32,25.29,25.34,13,2439
2019-09-25,25.44,25.33,25.33,25.44,7,4204
2019-09-26,25.37,25.37,25.3,25.3,5,745
2019-09-27,25.15,25.15,25.05,25.13,25,5095
2019-09-30,25.16,25.16,25.15,25.15,9,2430
2019-10-01,25.23,25.17,25.14,25.21,19,3055
2019-10-02,25.19,25.05,25.05,25.19,15,3930
2019-10-03,25.15,25.15,25.06,25.06,7,1235
2019-10-04,25.1,25.1,25.1,25.1,1,100
2019-10-07,25.2,25.2,25.07,25.11,14,1592
2019-10-08,25.18,25.15,25.15,25.18,3,154
2019-10-09,25.2,25.15,25.15,25.2,4,351
2019-10-10,25.2,25.2,25.2,25.2,2,103
2019-10-11,25.11,25.08,25.08,25.11,15,3086
2019-10-14,25.08,25.05,25.0,25.08,20,6402
2019-10-15,25.135,25.05,25.05,25.12,7,2377
2019-10-16,25.1,25.09,25.06,25.06,18,1796
2019-10-17,25.15,25.15,25.1,25.1,7,506
2019-10-18,25.32,25.15,25.15,25.16,31,5660
2019-10-21,25.31,25.28,25.2,25.2,8,1300
2019-10-22,25.22,25.21,25.21,25.22,2,214
2019-10-23,25.24,25.24,25.24,25.24,14,638
2019-10-24,25.28,25.28,25.23,25.23,6,570
2019-10-25,25.28,25.28,25.28,25.28,3,237
2019-10-28,25.28,25.28,25.17,25.17,9,1298
2019-10-29,25.4,25.4,25.3,25.3,17,2900
2019-10-30,25.3,25.29,25.22,25.22,9,1761
2019-10-31,25.3,25.21,25.2,25.3,15,2952
2019-11-01,25.4,25.36,25.28,25.3,14,3701
2019-11-04,25.45,25.45,25.33,25.33,8,1138
2019-11-05,25.49,25.49,25.49,25.49,4,21
2019-11-06,25.5,25.45,25.45,25.5,4,177
2019-11-07,25.45,25.45,25.42,25.42,8,1263
2019-11-11,25.5,25.4,25.4,25.5,11,1906
2019-11-13,25.5,25.5,25.4,25.4,4,211
2019-11-14,25.8,25.8,25.5,25.5,11,2059
2019-11-15,25.85,25.84,25.41,25.56,32,3744
2019-11-18,25.85,25.41,25.35,25.85,62,5066
2019-11-19,25.28,25.15,25.15,25.25,24,5086
2019-11-20,25.38,25.07,25.07,25.37,28,5602
2019-11-21,25.2,25.18,25.13,25.2,11,673
2019-11-22,25.15,25.15,25.09,25.15,16,1505
2019-11-25,25.42,25.23,25.1,25.19,31,3347
2019-11-26,25.38,25.29,25.2,25.23,18,4547
2019-11-27,25.16,25.16,25.12,25.12,15,1026
2019-11-29,25.19,25.17,25.12,25.16,10,936
2019-12-02,25.2,25.18,25.18,25.2,3,598
2019-12-03,25.3,25.3,25.18,25.18,12,1080
2019-12-04,25.34,25.34,25.34,25.34,2,200
2019-12-05,25.37,25.19,25.17,25.17,6,1050
2019-12-06,25.38,25.25,25.25,25.26,8,699
2019-12-09,25.34,25.29,25.25,25.29,14,1405
2019-12-10,25.41,25.41,25.23,25.23,3,517
2019-12-11,25.45,25.45,25.41,25.41,7,537
2019-12-12,25.6,25.6,25.46,25.46,16,3168
2019-12-13,25.58,25.56,25.56,25.58,6,787
2019-12-16,25.6,25.51,25.48,25.48,11,2344
2019-12-17,25.6,25.5,25.5,25.5,10,1337
2019-12-18,25.59,25.59,25.59,25.59,4,34
2019-12-19,25.77,25.46,25.46,25.6,40,10028
2019-12-20,25.63,25.63,25.42,25.51,4,202
2019-12-23,25.6,25.525,25.5,25.5,6,765
2019-12-24,25.79,25.79,25.51,25.71,13,2093
2019-12-26,25.75,25.67,25.65,25.69,12,1016
2019-12-27,25.85,25.85,25.66,25.72,5,505
2019-12-30,25.81,25.61,25.61,25.81,3,1249
2019-12-31,25.73,25.73,25.73,25.73,5,1181
2020-01-02,25.79,25.72,25.71,25.79,3,106
2020-01-03,25.7,25.7,25.62,25.62,3,462
2020-01-06,25.78,25.78,25.78,25.78,3,1540
2020-01-07,25.84,25.84,25.79,25.79,4,600
2020-01-08,25.79,25.64,25.64,25.79,4,639
2020-01-09,25.9,25.7,25.7,25.72,4,1040
2020-01-10,25.81,25.8,25.68,25.71,14,728
2020-01-13,25.9,25.9,25.82,25.82,5,425
2020-01-14,25.9,25.8,25.8,25.9,3,200
2020-01-15,25.88,25.88,25.8,25.8,3,70
2020-01-16,25.96,25.96,25.85,25.88,14,968
2020-01-17,26.025,26.01,25.99,25.99,4,128
2020-01-21,26.25,26.25,26.07,26.07,11,4013
2020-01-22,26.2,25.95,25.95,26.2,9,879
2020-01-23,25.95,25.95,25.95,25.95,2,504
2020-01-24,26.0,25.76,25.75,26.0,27,2914
2020-01-27,25.8,25.77,25.69,25.69,10,741
2020-01-28,26.09,26.09,25.8,25.84,12,1411
2020-01-29,26.14,25.97,25.97,26.14,3,34
2020-01-30,25.81,25.79,25.77,25.81,5,137
2020-01-31,25.93,25.69,25.69,25.79,12,1114
2020-02-03,25.87,25.87,25.75,25.75,4,405
2020-02-04,25.97,25.97,25.81,25.81,6,524
2020-02-05,25.96,25.77,25.77,25.96,2,155
2020-02-06,25.85,25.8,25.8,25.85,5,436
2020-02-07,25.82,25.82,25.82,25.82,2,80
2020-02-10,25.97,25.97,25.93,25.96,14,1439
2020-02-11,25.92,25.92,25.88,25.92,4,568
2020-02-12,25.92,25.88,25.88,25.92,11,1235
2020-02-13,26.0,26.0,25.88,25.9,4,1250
2020-02-18,26.2,26.2,25.9,25.9,5,326
2020-02-19,26.2,26.2,26.09,26.09,5,88
2020-02-20,26.44,26.44,26.15,26.15,8,155
2020-02-21,26.57,26.35,26.35,26.36,5,209
2020-02-24,26.43,26.15,26.15,26.28,9,852
2020-02-25,26.23,26.19,25.97,26.23,22,2113
2020-02-26,26.45,26.45,26.3,26.3,10,442
2020-02-27,25.73,25.5,25.25,25.68,28,4246
2020-02-28,25.33,25.05,25.05,25.3,36,10065
2020-03-02,25.85,25.745,25.33,25.41,33,4228
2020-03-03,25.97,25.7,25.7,25.79,4,215
2020-03-04,25.83,25.83,25.63,25.63,14,1616
2020-03-05,26.0,25.79,25.75,25.75,8,1234
2020-03-06,25.8,25.8,25.13,25.13,10,2104
2020-03-09,25.49,24.85,24.65,25.49,36,5604
2020-03-10,25.46,24.34,23.4,25.09,60,11813
2020-03-11,24.5,24.28,24.17,24.5,14,1197
2020-03-12,24.0,22.67,22.66,24.0,39,4763
2020-03-13,24.46,23.9,23.1,23.1,25,2560
2020-03-16,23.0,18.0,10.0,23.0,91,9864
2020-03-17,18.89,18.8,16.3,18.01,61,5312
2020-03-18,18.5,16.55,15.44,18.5,41,4765
2020-03-19,17.17,16.85,11.5,16.42,73,11721
2020-03-20,18.5,16.37,15.54,17.33,35,5913
2020-03-23,16.75,15.81,15.79,16.01,25,5893
2020-03-24,17.7,16.9,16.71,16.71,17,1550
2020-03-25,19.43,19.3,16.9,17.25,40,4639
2020-03-26,20.5,20.03,18.85,19.3,51,6024
2020-03-27,20.08,19.5,18.53,20.08,29,2781
2020-03-30,19.4,18.01,18.01,19.35,20,2049
2020-03-31,20.94,20.94,19.0,19.0,9,737
2020-04-01,20.4,19.26,19.26,19.98,13,903
2020-04-02,19.75,19.75,19.28,19.34,10,1338
2020-04-03,20.5,19.5,19.5,19.76,14,620
2020-04-06,20.86,20.86,19.9,20.05,11,374
2020-04-07,21.0,20.97,20.55,21.0,9,696
2020-04-08,22.0,22.0,21.48,21.48,10,442
2020-04-09,24.0,23.69,22.35,22.35,14,948
2020-04-13,23.7,22.5,22.09,23.65,44,4542
2020-04-14,23.7,23.7,21.38,23.05,30,4837
2020-04-15,23.07,23.07,22.0,22.0,5,151
2020-04-16,23.8,23.8,23.05,23.05,6,29
2020-04-17,23.85,23.75,23.1,23.85,18,1504
2020-04-20,22.96,22.76,22.75,22.96,9,447
2020-04-21,23.7,23.25,22.67,22.67,12,1898
2020-04-22,23.5,23.25,23.2,23.2,6,424
2020-04-23,23.46,23.3,23.3,23.45,11,781
2020-04-27,23.4,23.4,23.2,23.2,3,156
2020-04-28,23.36,23.31,23.23,23.36,10,399
2020-04-29,23.35,23.15,23.15,23.15,12,598
2020-04-30,23.3,23.3,23.3,23.3,2,100
2020-05-01,23.12,22.99,22.99,23.12,4,1260
2020-05-04,23.0,22.75,22.75,23.0,5,307
2020-05-05,23.9,23.06,22.99,22.99,18,1421
2020-05-06,23.48,23.48,23.22,23.22,5,218
2020-05-07,23.4,23.15,23.15,23.32,8,1133
2020-05-08,23.44,23.35,23.295,23.37,8,1061
2020-05-11,23.28,23.25,23.25,23.28,4,126
2020-05-12,23.3,23.3,23.25,23.3,7,705
2020-05-13,23.34,22.85,22.85,23.34,7,207
2020-05-14,22.82,21.12,20.29,22.82,59,9990
2020-05-15,21.9,21.9,21.1,21.25,8,517
2020-05-18,22.5,22.5,22.02,22.36,19,1981
2020-05-19,23.24,23.18,22.51,22.51,9,1672
2020-05-20,23.44,23.43,23.2,23.33,11,1882
2020-05-21,23.44,23.28,23.28,23.44,10,1479
2020-05-22,23.44,23.4,23.1,23.1,24,3228
2020-05-26,23.43,23.3,23.2,23.43,14,1188
2020-05-27,23.44,23.38,23.38,23.43,22,4282
2020-05-28,23.35,23.29,23.22,23.35,13,1877
2020-05-29,23.25,23.25,23.25,23.25,6,2156
2020-06-01,23.29,23.0,23.0,23.29,12,750
2020-06-02,23.24,23.17,23.1,23.24,4,1159
2020-06-03,23.24,23.16,23.1,23.24,7,672
2020-06-04,23.19,22.96,22.95,23.06,19,2279
2020-06-05,23.23,23.165,23.165,23.17,6,635
2020-06-08,23.2,23.17,23.17,23.19,7,1927
2020-06-09,23.24,23.24,23.2,23.23,3,230
2020-06-10,23.2,23.15,23.11,23.2,4,477
2020-06-11,23.0,22.65,22.65,22.86,13,1268
2020-06-12,22.75,22.3,22.03,22.75,34,4187
2020-06-15,22.92,22.92,22.01,22.01,12,758
2020-06-16,22.79,22.31,22.22,22.69,24,2177
2020-06-17,22.72,22.72,22.33,22.59,6,241
2020-06-18,23.17,23.08,22.35,23.17,12,1319
2020-06-19,22.41,22.0,22.0,22.4,11,741
2020-06-22,22.67,22.67,22.4,22.4,6,1285
2020-06-23,22.73,22.48,22.42,22.73,8,236
2020-06-24,22.79,22.79,22.43,22.43,11,1609
2020-06-25,22.95,22.53,22.53,22.76,14,2243
2020-06-26,22.95,22.95,22.5,22.5,4,240
2020-06-29,22.78,22.78,22.59,22.59,6,144
2020-06-30,22.79,22.79,22.77,22.77,3,124
2020-07-01,22.66,22.66,22.66,22.66,4,35
2020-07-02,22.77,22.52,22.51,22.77,6,840
2020-07-06,23.42,23.42,22.78,22.78,27,3828
2020-07-07,23.35,23.3,23.2,23.2,11,1208
2020-07-08,23.34,23.33,23.33,23.34,3,550
2020-07-09,23.34,23.34,23.2,23.22,17,1642
2020-07-10,23.44,23.44,23.22,23.22,7,1154
2020-07-13,23.33,22.91,22.91,23.33,6,330
2020-07-14,23.44,23.44,23.0,23.0,7,309
2020-07-15,23.23,23.1,23.1,23.23,18,928
2020-07-16,23.35,23.35,23.08,23.08,10,331
2020-07-17,23.44,23.41,23.1,23.1,8,558
2020-07-20,23.53,23.42,23.42,23.44,19,2868
2020-07-21,23.5,23.1,23.1,23.5,26,4178
2020-07-22,23.63,23.6,23.13,23.13,9,1386
2020-07-23,23.6,23.31,23.31,23.6,6,261
2020-07-24,23.26,23.14,23.14,23.26,17,2923
2020-07-27,23.27,23.15,23.01,23.27,12,710
2020-07-28,23.23,23.12,23.1,23.23,11,608
2020-07-29,23.2,23.2,23.1,23.2,8,1209
2020-07-30,23.14,23.0,23.0,23.14,10,237
2020-07-31,23.05,22.93,22.92,23.05,10,725
2020-08-03,23.0,22.95,22.91,22.91,7,292
2020-08-04,23.03,23.0,23.0,23.03,7,487
2020-08-05,23.0,22.84,22.84,23.0,12,534
2020-08-06,23.05,22.95,22.95,23.0,12,643
2020-08-07,23.05,23.03,22.98,23.0,10,1093
2020-08-10,23.0,22.98,22.98,23.0,7,372
2020-08-11,23.03,22.9,22.9,23.03,6,190
2020-08-12,23.06,22.9,22.9,23.01,44,4846
2020-08-13,23.05,23.05,22.85,23.04,12,994
2020-08-14,23.05,23.05,23.01,23.03,11,715
2020-08-17,23.15,23.0,23.0,23.15,35,3722
2020-08-18,23.13,23.13,22.99,23.01,21,2720
2020-08-19,23.49,23.4,23.05,23.05,26,7253
2020-08-20,23.5,23.465,23.44,23.44,31,3100
2020-08-21,23.5,23.34,23.25,23.5,25,2031
2020-08-24,23.4,23.34,23.34,23.35,25,3948
2020-08-25,23.39,23.39,23.3,23.35,19,2765
2020-08-26,23.35,23.3,23.3,23.35,3,244
2020-08-27,23.35,23.32,23.3,23.3,14,2777
2020-08-28,23.17,23.09,23.09,23.17,21,2543
2020-08-31,23.74,23.22,23.1,23.1,27,2773
2020-09-01,23.35,23.25,23.18,23.18,10,4522
2020-09-02,23.31,23.31,23.25,23.25,10,436
2020-09-03,23.28,22.93,22.93,23.28,21,1965
2020-09-04,23.06,23.04,22.8,23.06,13,675
2020-09-08,23.0,23.0,22.99,22.99,8,590
2020-09-09,23.25,23.25,23.05,23.05,3,493
2020-09-10,23.39,23.3,23.26,23.26,16,2782
2020-09-11,23.41,23.2,23.2,23.3,17,4279
2020-09-14,23.375,23.2,23.2,23.29,9,921
2020-09-15,23.2,23.2,23.2,23.2,4,63
2020-09-16,23.275,23.02,23.02,23.25,8,1409
2020-09-17,23.05,23.05,23.04,23.04,14,776
2020-09-18,23.18,23.18,22.81,23.0,14,1127
2020-09-21,23.2,23.1,23.05,23.05,16,3496
2020-09-22,23.15,23.1,22.98,23.1,9,1737
2020-09-23,23.2,23.17,22.96,23.1,17,1291
2020-09-24,23.15,23.1,23.0,23.0,7,862
2020-09-25,23.25,23.25,23.1,23.1,10,1395
2020-09-28,23.325,23.25,23.2,23.2,11,1560
2020-09-29,23.25,23.05,23.05,23.25,9,455
2020-09-30,23.17,23.1,23.1,23.17,6,3528
2020-10-01,23.13,23.12,23.1,23.1,3,270
2020-10-02,23.2,23.2,23.1,23.1,7,871
2020-10-05,23.17,23.17,23.1,23.1,13,2456
2020-10-06,23.15,23.11,23.11,23.15,10,624
2020-10-07,23.15,23.13,23.13,23.15,19,816
2020-10-08,23.15,23.15,23.14,23.14,9,713
2020-10-09,23.16,23.1,23.1,23.12,10,1881
2020-10-12,23.1,23.0,23.0,23.1,37,2292
2020-10-13,23.1,23.05,23.04,23.04,4,477
2020-10-14,23.1,23.1,23.02,23.02,3,120
2020-10-15,23.05,23.05,23.05,23.05,14,930
2020-10-16,23.06,23.06,23.05,23.05,6,303
2020-10-19,23.05,22.95,22.95,23.05,21,2315
2020-10-20,23.0,23.0,22.75,23.0,33,2071
2020-10-21,23.13,23.13,23.0,23.0,10,1625
2020-10-22,23.1,23.1,23.05,23.1,5,866
2020-10-23,23.13,23.13,23.1,23.1,10,4845
2020-10-26,23.15,23.05,23.05,23.1,17,6063
2020-10-27,23.1,23.06,23.05,23.06,20,967
2020-10-28,23.05,22.77,22.75,23.05,55,4877
2020-10-29,22.8,22.69,22.69,22.8,21,3912
2020-10-30,22.89,22.79,22.4,22.65,21,1665
2020-11-02,22.58,21.91,21.79,22.58,122,10626
2020-11-03,22.58,22.58,22.37,22.37,11,2321
2020-11-04,22.63,22.31,22.29,22.6,35,1766
2020-11-05,22.73,22.45,22.39,22.39,20,996
2020-11-06,22.73,22.5,22.45,22.5,17,947
2020-11-09,22.85,22.67,22.47,22.65,32,2653
2020-11-10,22.87,22.8,22.71,22.71,9,533
2020-11-11,23.0,22.96,22.82,22.82,14,1839
2020-11-12,23.0,22.95,22.95,23.0,10,681
2020-11-13,23.0,22.96,22.96,23.0,9,815
2020-11-16,23.0,23.0,22.98,23.0,19,2789
2020-11-17,23.05,23.0,22.99,23.0,16,3190
2020-11-18,23.05,23.03,23.0,23.04,22,2294
2020-11-19,23.03,23.03,23.03,23.03,3,468
2020-11-20,23.07,23.03,23.02,23.05,14,2677
2020-11-23,23.1,23.09,23.04,23.1,28,1794
2020-11-24,23.19,23.09,23.08,23.08,16,1507
2020-11-25,23.13,23.01,22.975,23.1,51,5596
2020-11-27,23.08,23.08,22.95,23.0,26,4364
2020-11-30,22.98,22.98,22.88,22.88,18,3896
2020-12-01,23.04,23.04,22.99,22.99,18,545
2020-12-02,23.03,22.97,22.97,23.0,17,2157
2020-12-03,23.04,22.97,22.97,23.0,21,3523
2020-12-04,23.05,22.98,22.95,22.95,20,1557
2020-12-07,23.05,23.025,23.01,23.05,22,646
2020-12-08,23.02,23.0,23.0,23.0,13,728
2020-12-09,23.02,23.0,22.96,23.0,40,6717
2020-12-10,23.11,23.03,23.0,23.0,12,1806
2020-12-11,23.13,23.13,23.07,23.07,6,219
2020-12-14,23.35,23.09,23.09,23.35,22,2576
2020-12-15,23.35,23.3,23.17,23.17,27,13148
2020-12-16,23.39,23.3,23.3,23.33,36,9574
2020-12-17,23.44,23.43,23.32,23.32,23,1977
2020-12-18,23.39,23.26,23.25,23.25,24,4168
2020-12-21,23.35,23.3,23.3,23.33,22,2802
2020-12-22,23.43,23.4,23.4,23.42,11,1378
2020-12-23,23.9,23.9,23.4,23.54,32,3902
2020-12-24,24.6,24.6,24.355,24.49,14,3332
2020-12-28,24.78,24.78,24.58,24.6,32,2380
2020-12-29,24.88,24.66,24.3,24.88,23,1680
2020-12-30,24.68,24.42,24.2,24.68,14,2022
2020-12-31,24.65,24.5,24.375,24.55,12,523
2021-01-04,24.75,24.7,24.53,24.67,30,2169
2021-01-05,24.9,24.9,24.65,24.65,12,487
2021-01-06,24.98,24.74,24.66,24.92,32,4112
2021-01-07,24.89,24.89,24.74,24.74,6,765
2021-01-08,25.11,24.89,24.81,24.97,16,3121
2021-01-11,24.84,24.64,24.63,24.84,22,2489
2021-01-12,24.62,24.62,24.35,24.6,47,3659
2021-01-13,24.65,24.35,24.35,24.65,38,10921
2021-01-14,24.77,24.59,24.4,24.42,34,3736
2021-01-15,25.1,25.1,24.81,24.92,50,8610
2021-01-19,25.16,25.1,24.91,25.1,29,3180
2021-01-20,25.32,25.32,25.04,25.04,6,215
2021-01-21,25.57,25.29,25.23,25.23,58,5131
2021-01-22,25.4,25.4,25.29,25.29,11,933
2021-01-25,26.14,26.0,25.3,25.49,26,2454
2021-01-26,25.96,25.92,25.84,25.84,26,1048
2021-01-27,25.85,25.82,25.33,25.85,22,1109
2021-01-28,25.85,25.7,25.19,25.85,33,1993
2021-01-29,25.77,25.67,25.52,25.77,11,329
2021-02-01,25.79,25.77,25.65,25.73,43,4847
2021-02-02,25.81,25.81,25.64,25.64,30,3969
2021-02-03,25.99,25.57,25.57,25.8,31,1545
2021-02-04,25.825,25.7,25.57,25.78,14,894
2021-02-05,25.97,25.8,25.8,25.8,12,887
2021-02-08,25.88,25.55,25.54,25.88,39,2275
2021-02-09,25.69,25.52,25.52,25.55,43,5647
2021-02-10,25.66,25.62,25.52,25.61,39,4318
2021-02-11,25.7,25.7,25.69,25.69,11,3704
2021-02-12,25.74,25.74,25.65,25.69,13,2011
2021-02-16,26.13,26.13,25.75,25.75,20,1338
2021-02-17,26.0,25.95,25.66,25.66,13,3140
2021-02-18,26.05,26.04,25.99,25.99,16,1700
2021-02-19,26.05,26.05,25.8,26.05,25,3641
2021-02-22,26.38,26.21,26.0,26.05,19,1394
2021-02-23,26.49,26.49,26.01,26.05,19,1832
2021-02-24,26.5,26.19,26.19,26.49,17,898
2021-02-25,26.57,26.19,26.19,26.57,17,1641
2021-02-26,26.4,26.22,26.22,26.4,8,877
2021-03-01,26.9,26.35,26.21,26.9,11,2458
2021-03-02,26.3,26.27,26.25,26.25,14,743
2021-03-03,26.4,26.4,26.27,26.27,13,976
2021-03-04,26.49,26.46,26.35,26.49,15,357
2021-03-05,26.46,26.35,26.35,26.46,13,221
2021-03-08,26.45,26.31,26.27,26.34,15,1405
2021-03-09,26.6,26.58,26.31,26.31,17,2009
2021-03-10,26.6,26.41,26.41,26.57,5,500
2021-03-11,26.6,26.55,26.55,26.6,5,158
2021-03-12,26.515,26.47,26.4,26.4,11,457
2021-03-15,26.7,26.7,26.6,26.67,5,495
2021-03-16,26.75,26.75,26.54,26.54,3,249
2021-03-17,26.75,26.75,26.75,26.75,7,748
2021-03-18,27.25,27.25,26.5,26.75,33,4898
2021-03-19,27.2,27.2,27.12,27.12,11,390
2021-03-22,27.2,27.2,27.2,27.2,6,541
2021-03-23,27.25,27.25,27.1,27.17,53,2800
2021-03-24,27.25,26.98,26.7,27.25,38,2786
2021-03-25,26.9,26.75,26.63,26.63,21,1101
2021-03-26,26.98,26.7,26.64,26.98,11,453
2021-03-29,26.8,26.8,26.44,26.8,16,1086
2021-03-30,26.84,26.64,26.57,26.84,15,662
2021-03-31,26.69,26.64,26.64,26.69,9,154
2021-04-01,27.9,27.05,26.6,26.63,27,2275
2021-04-05,27.15,26.97,26.85,27.15,29,1615
2021-04-06,26.97,26.97,26.91,26.92,15,1212
2021-04-07,26.99,26.95,26.89,26.89,5,200
2021-04-08,26.97,26.97,26.97,26.97,5,311
2021-04-09,27.27,27.27,26.91,26.91,25,1197
2021-04-12,27.58,27.58,26.97,27.35,16,1015
2021-04-13,27.6,27.4,27.03,27.6,19,1794
2021-04-14,27.25,27.16,27.16,27.16,7,662
2021-04-15,27.34,27.05,27.05,27.34,28,1712
2021-04-16,27.12,27.11,27.03,27.03,17,1133
2021-04-19,27.15,27.1,27.05,27.05,20,2775
2021-04-20,27.15,27.15,27.05,27.05,8,919
2021-04-21,27.15,27.1,27.1,27.15,11,438
2021-04-22,27.39,27.27,27.15,27.15,23,3163
2021-04-23,27.49,27.15,27.08,27.49,34,3448
2021-04-26,27.27,27.13,27.07,27.13,71,5194
2021-04-27,27.3,27.3,27.2,27.22,15,914
2021-04-28,27.75,27.69,27.3,27.3,43,5621
2021-04-29,28.0,27.62,27.29,28.0,24,3618
2021-04-30,28.0,28.0,27.47,27.61,22,1883
2021-05-03,27.99,27.54,27.38,27.38,16,1825
2021-05-04,28.0,27.89,27.68,27.68,18,885
2021-05-05,28.0,27.9,27.64,27.98,17,878
2021-05-06,28.76,28.48,27.6,27.75,18,1396
2021-05-07,28.76,28.65,28.02,28.04,69,5641
2021-05-10,28.66,28.45,28.29,28.37,25,1575
2021-05-11,28.5,28.15,28.13,28.4,14,1028
2021-05-12,28.45,28.3,28.16,28.16,11,416
2021-05-13,28.45,28.35,28.12,28.45,16,1271
2021-05-14,28.65,28.65,28.35,28.35,15,519
2021-05-17,29.2,28.65,28.36,28.69,47,3525
2021-05-18,28.75,28.6,28.54,28.54,10,1060
2021-05-19,29.19,29.0,28.5,28.5,35,3782
2021-05-20,29.0,28.82,28.75,29.0,19,2299
2021-05-21,28.9,28.9,28.85,28.87,5,105
2021-05-24,28.9,28.82,28.82,28.9,15,1321
2021-05-25,28.9,28.7,28.7,28.9,20,2405
2021-05-26,28.78,28.78,28.75,28.75,15,3005
2021-05-27,28.69,28.69,28.64,28.64,12,654
2021-05-28,28.75,28.6,28.6,28.75,6,490
2021-06-01,28.6,28.53,28.5,28.57,13,937
2021-06-02,28.59,28.55,28.4,28.5,40,3485
2021-06-03,28.6,28.23,28.15,28.6,34,5537
2021-06-04,28.27,28.27,28.23,28.23,11,574
2021-06-07,28.28,28.28,28.18,28.27,8,273
2021-06-08,28.3,28.2,28.11,28.3,31,2461
2021-06-09,28.28,28.22,28.14,28.19,13,732
2021-06-10,28.22,27.75,27.49,28.22,189,16356
2021-06-11,27.85,27.83,27.72,27.85,16,662
2021-06-14,27.74,27.74,27.67,27.69,27,3701
2021-06-15,27.86,27.72,27.6,27.86,14,584
2021-06-16,27.58,27.52,27.41,27.53,26,1377
2021-06-17,27.94,27.5,27.5,27.92,19,3020
2021-06-18,27.59,27.54,27.51,27.59,13,690
2021-06-21,27.61,27.61,27.52,27.53,18,1649
2021-06-22,27.9,27.8,27.64,27.64,17,1566
2021-06-23,28.05,27.95,27.77,27.77,24,4124
2021-06-24,28.21,28.03,27.92,28.21,39,6420
2021-06-25,28.53,28.51,28.0,28.0,26,2163
2021-06-28,28.56,28.35,28.35,28.56,17,1278
2021-06-29,28.56,28.49,27.9,28.56,28,2368
2021-06-30,28.57,28.55,28.37,28.37,14,666
2021-07-01,28.59,28.33,28.33,28.59,12,302
2021-07-02,28.33,28.33,28.1,28.1,16,1849
2021-07-06,28.49,28.4,28.3,28.4,29,2223
2021-07-07,28.3,28.3,28.25,28.29,12,728
2021-07-08,28.075,27.97,27.95,28.0,33,4751
2021-07-09,28.01,27.75,27.65,28.01,59,6443
2021-07-12,27.75,27.69,27.56,27.75,23,1286
2021-07-13,27.82,27.6,27.53,27.53,15,822
2021-07-14,27.75,27.48,27.48,27.75,20,2049
2021-07-15,27.52,27.45,27.45,27.51,26,1991
2021-07-16,27.53,27.49,27.49,27.53,36,2300
2021-07-19,27.48,27.04,27.04,27.34,65,3543
2021-07-20,27.48,27.25,27.08,27.34,31,3094
2021-07-21,27.29,27.21,27.2,27.25,24,1912
2021-07-22,27.34,27.34,27.25,27.34,11,353
2021-07-23,27.45,27.27,27.27,27.31,13,467
2021-07-26,27.6,27.6,27.4,27.45,18,2014
2021-07-27,27.66,27.6,27.6,27.62,16,1767
2021-07-28,27.63,27.61,27.55,27.63,15,1111
2021-07-29,27.54,27.27,27.27,27.54,8,402
2021-07-30,27.34,27.3,27.26,27.34,12,955
2021-08-02,27.33,27.33,27.21,27.29,16,814
2021-08-03,27.34,27.25,27.24,27.34,20,1704
2021-08-04,27.3,27.3,27.25,27.25,9,428
2021-08-05,27.28,27.25,27.25,27.28,8,150
2021-08-06,27.24,27.0,27.0,27.2,67,21829
2021-08-09,27.11,27.11,27.0,27.0,6,454
2021-08-10,27.16,27.05,27.03,27.16,18,1118
2021-08-11,27.18,27.14,27.14,27.18,4,111
2021-08-12,27.27,27.14,27.04,27.27,21,1198
2021-08-13,27.75,27.67,27.1,27.15,45,3581
2021-08-16,27.52,27.42,27.42,27.52,7,336
2021-08-17,27.53,27.45,27.43,27.53,12,581
2021-08-18,27.46,27.46,27.4,27.4,6,170
2021-08-19,27.53,27.06,27.06,27.53,23,1506
2021-08-20,27.34,27.26,27.15,27.34,8,495
2021-08-23,27.48,27.45,27.35,27.48,8,586
2021-08-24,27.54,27.54,27.3,27.3,5,574
2021-08-25,27.66,27.66,27.35,27.35,11,218
2021-08-26,27.7,27.69,27.52,27.66,15,906
2021-08-27,27.87,27.87,27.69,27.8,16,1713
2021-08-30,27.99,27.99,27.76,27.76,17,686
2021-08-31,28.0,27.98,27.54,27.93,15,1445
2021-09-01,28.0,27.79,27.63,28.0,17,853
2021-09-02,27.9,27.75,27.75,27.9,5,315
2021-09-03,27.89,27.8,27.65,27.75,14,745
2021-09-07,27.89,27.79,27.79,27.89,4,355
2021-09-08,27.96,27.96,27.65,27.65,11,950
2021-09-09,27.96,27.9,27.88,27.96,7,625
2021-09-10,27.8,27.8,27.8,27.8,5,103
2021-09-13,28.0,27.9,27.77,28.0,15,2199
2021-09-14,28.0,27.84,27.72,28.0,14,1888
2021-09-15,27.9,27.8,27.8,27.9,6,28
2021-09-16,27.87,27.86,27.86,27.87,5,318
2021-09-17,27.87,27.71,27.71,27.87,4,338
2021-09-20,27.86,27.86,27.61,27.75,19,1097
2021-09-21,27.87,27.75,27.75,27.87,4,128
2021-09-22,27.9,27.9,27.75,27.75,4,84
2021-09-23,27.99,27.99,27.9,27.92,8,508
2021-09-24,28.19,28.19,27.9,27.9,15,1586
2021-09-27,28.19,28.13,27.81,27.91,12,512
2021-09-28,28.24,28.24,27.95,27.95,6,44
2021-09-29,28.4,28.39,27.95,28.4,6,430
2021-09-30,28.39,28.18,28.16,28.16,15,1551
2021-10-01,28.25,28.25,28.25,28.25,6,695
2021-10-04,28.25,28.15,28.02,28.25,16,428
2021-10-05,28.05,28.01,28.01,28.03,5,238
2021-10-06,28.08,28.06,28.05,28.08,7,157
2021-10-07,28.21,27.77,26.85,28.21,113,9229
2021-10-08,27.57,27.34,27.34,27.57,20,1114
2021-10-11,27.5,27.3,27.3,27.5,16,978
2021-10-12,27.28,27.23,27.23,27.28,7,571
2021-10-13,27.31,27.31,27.2,27.23,6,281
2021-10-14,27.37,27.19,27.14,27.37,9,800
2021-10-15,27.44,27.4,27.32,27.32,20,1277
2021-10-18,27.5,27.47,27.32,27.32,13,725
2021-10-19,27.5,27.32,27.32,27.5,4,324
2021-10-20,27.45,27.37,27.37,27.45,14,149
2021-10-21,27.84,27.82,27.38,27.4,10,747
2021-10-22,27.84,27.84,27.8,27.8,2,55
2021-10-25,27.94,27.84,27.84,27.94,9,728
2021-10-26,27.94,27.85,27.84,27.94,10,478
2021-10-27,28.0,27.97,27.9,28.0,11,1211
2021-10-28,27.75,27.69,27.69,27.75,11,237
2021-10-29,27.52,27.5,27.5,27.52,10,510
2021-11-01,28.01,27.83,27.3,28.01,31,2311
2021-11-02,27.57,27.57,27.49,27.49,9,1353
2021-11-03,27.75,27.41,27.41,27.75,15,1077
2021-11-04,27.5,27.45,27.35,27.5,7,1162
2021-11-05,27.43,27.4,27.4,27.43,2,33
2021-11-08,27.45,27.45,27.45,27.45,6,394
2021-11-09,27.43,27.43,27.4,27.4,4,290
2021-11-10,27.41,27.26,27.26,27.41,11,1288
2021-11-11,27.4,27.37,27.3,27.36,14,898
2021-11-12,27.37,27.37,27.37,27.37,1,101
2021-11-15,27.67,27.55,27.55,27.67,5,75
2021-11-16,27.58,27.55,27.48,27.58,11,680
2021-11-17,27.65,27.6,27.44,27.65,16,3069
2021-11-18,27.65,27.4,27.4,27.61,21,2347
2021-11-19,27.5,27.5,27.44,27.44,5,227
2021-11-22,27.67,27.67,27.5,27.5,3,273
2021-11-23,27.45,27.17,27.16,27.45,23,2599
2021-11-24,27.51,27.44,27.12,27.12,9,200
2021-11-26,27.36,27.36,27.07,27.07,22,1195
2021-11-29,27.0,27.0,26.86,26.95,19,1555
2021-11-30,27.2,27.2,27.05,27.16,22,1922
2021-12-01,27.25,27.01,27.01,27.25,10,478
2021-12-02,27.16,26.91,26.91,27.16,16,1086
2021-12-03,26.99,26.8,26.8,26.99,23,3307
2021-12-06,26.9,26.81,26.81,26.84,30,1945
2021-12-07,26.84,26.82,26.82,26.84,16,617
2021-12-08,26.92,26.85,26.83,26.92,15,731
2021-12-09,26.94,26.8,26.8,26.85,23,2547
2021-12-10,26.85,26.81,26.8,26.8,3,223
2021-12-13,26.92,26.92,26.87,26.9,15,1093
2021-12-14,26.94,26.88,26.88,26.92,8,329
2021-12-15,26.93,26.86,26.82,26.9,9,458
2021-12-16,26.9,26.85,26.8,26.9,16,717
2021-12-17,26.82,26.8,26.8,26.8,14,1896
2021-12-20,26.84,26.78,26.7,26.8,27,5015
2021-12-21,26.78,26.78,26.7,26.75,14,696
2021-12-22,26.89,26.79,26.71,26.8,24,1829
2021-12-23,26.96,26.96,26.9,26.9,9,1068
2021-12-27,26.98,26.92,26.89,26.98,15,483
2021-12-28,27.14,27.02,26.94,26.94,16,955
2021-12-29,27.34,27.34,26.95,27.15,19,987
2021-12-30,27.49,26.84,26.72,27.14,38,3331
2021-12-31,27.07,26.81,26.73,26.73,18,964
2022-01-03,26.98,26.88,26.81,26.81,15,554
2022-01-04,27.03,27.03,26.87,26.87,16,455
2022-01-05,27.03,27.0,27.0,27.03,17,1725
2022-01-06,26.91,26.84,26.84,26.91,8,315
2022-01-07,26.8,26.55,26.49,26.75,45,3534
2022-01-10,26.61,26.61,26.48,26.48,31,4159
2022-01-11,26.96,26.65,26.61,26.61,9,746
2022-01-12,27.01,26.66,26.66,26.94,10,500
2022-01-13,26.99,26.86,26.62,26.89,15,1689
2022-01-14,26.96,26.96,26.79,26.79,13,58
2022-01-18,26.9,26.77,26.76,26.9,13,572
2022-01-19,27.03,27.03,26.8,26.9,13,867
2022-01-20,27.04,27.04,26.89,26.89,9,257
2022-01-21,27.34,26.97,26.76,27.34,43,3815
2022-01-24,26.91,26.91,26.53,26.69,25,4241
2022-01-25,26.95,26.8,26.7,26.91,38,4010
2022-01-26,26.95,26.68,26.51,26.95,46,1835
2022-01-27,26.78,26.74,26.61,26.78,29,1072
2022-01-28,26.35,26.35,26.24,26.34,43,3931
2022-01-31,26.34,26.08,26.02,26.34,23,952
2022-02-01,26.08,26.0,26.0,26.08,91,3746
2022-02-02,26.1,26.0,26.0,26.09,15,907
2022-02-03,25.98,25.98,25.95,25.98,11,647
2022-02-04,25.99,25.95,25.95,25.95,24,1813
2022-02-07,26.01,26.01,25.95,25.98,27,3183
2022-02-08,26.06,25.55,24.51,26.06,106,11159
2022-02-09,25.88,25.25,25.25,25.61,40,3369
2022-02-10,25.27,25.15,25.15,25.21,26,3408
2022-02-11,25.24,25.16,25.0,25.24,68,5882
2022-02-14,25.21,24.4,23.32,25.21,244,14570
2022-02-15,25.17,24.52,24.21,24.21,71,4618
2022-02-16,25.4,25.13,24.82,24.82,29,1596
2022-02-17,25.1,25.1,25.05,25.05,34,503
2022-02-18,25.08,24.7,23.87,25.08,72,6485
2022-02-22,25.09,24.97,24.82,24.82,29,2644
2022-02-23,25.0,24.75,24.5,25.0,57,4317
2022-02-24,24.73,24.45,24.4,24.73,62,6169
2022-02-25,24.62,24.62,24.49,24.49,27,1004
2022-02-28,24.9,24.53,24.5,24.5,18,832
2022-03-01,24.98,24.75,24.75,24.8,23,2232
2022-03-02,25.09,25.07,24.9,24.9,25,1643
2022-03-03,25.1,25.1,24.75,25.0,29,3348
2022-03-04,25.0,24.85,24.76,24.99,22,3476
2022-03-07,24.89,24.69,24.69,24.83,42,3101
2022-03-08,24.76,24.74,24.74,24.76,14,87
2022-03-09,24.97,24.71,24.7,24.78,27,1883
2022-03-10,24.9,24.9,24.75,24.82,20,2109
2022-03-11,24.99,24.99,24.85,24.98,17,834
2022-03-14,25.0,24.85,24.85,25.0,28,1014
2022-03-15,25.01,25.0,24.85,25.0,31,3157
2022-03-16,25.02,24.84,24.84,24.95,33,4805
2022-03-17,24.975,24.89,24.8,24.8,13,675
2022-03-18,25.1,25.1,24.9,24.9,35,1998
2022-03-21,25.1,25.05,25.0,25.1,18,6680
2022-03-22,25.1,24.96,24.96,25.05,31,2729
2022-03-23,25.05,24.99,24.94,24.94,73,9031
2022-03-24,25.0,24.98,24.5,25.0,54,7190
2022-03-25,25.03,25.0,24.98,25.03,21,949
2022-03-28,25.05,25.05,25.0,25.05,18,1351
2022-03-29,25.15,25.11,25.0,25.0,18,2636
2022-03-30,25.15,25.15,24.83,25.0,9,601
2022-03-31,25.17,25.05,24.8,24.98,48,4490
2022-04-01,25.06,25.06,25.015,25.05,26,507
2022-04-04,25.08,25.01,24.94,25.04,40,5023
2022-04-05,25.07,25.0,24.95,25.0,52,6109
2022-04-06,25.0,24.95,24.65,24.94,32,3234
2022-04-07,25.06,25.0,24.95,24.95,32,2261
2022-04-08,25.0,24.8,24.66,25.0,57,5105
2022-04-11,24.98,24.78,24.71,24.71,27,2139
2022-04-12,24.9,24.8,24.75,24.81,24,2648
2022-04-13,24.89,24.8,24.73,24.85,63,5041
2022-04-14,25.0,24.9,24.8,24.8,50,3819
2022-04-18,25.14,25.14,24.9,24.9,15,837
2022-04-19,25.025,25.0,24.93,24.93,22,1107
2022-04-20,24.96,24.95,24.7,24.95,58,5729
2022-04-21,25.0,25.0,24.85,24.9,22,2048
2022-04-22,25.075,25.05,24.91,25.0,28,4912
2022-04-25,24.99,24.79,24.78,24.8,31,3899
2022-04-26,24.85,24.76,24.76,24.8,17,2677
2022-04-27,24.84,24.72,24.71,24.81,26,3018
2022-04-28,24.8,24.66,24.66,24.8,21,2158
2022-04-29,24.8,24.7,24.7,24.8,7,402
2022-05-02,24.8,24.79,24.65,24.8,32,3676
2022-05-03,24.88,24.85,24.77,24.77,23,4736
2022-05-04,24.85,24.8,24.8,24.85,15,749
2022-05-05,24.83,24.82,24.8,24.8,16,2278
2022-05-06,24.83,24.8,24.77,24.77,9,444
2022-05-09,24.8,24.8,24.77,24.8,29,3154
2022-05-10,24.8,24.75,24.7,24.8,28,4341
2022-05-11,24.8,24.16,23.79,24.8,116,7585
2022-05-12,24.12,22.15,21.68,24.12,148,9258
2022-05-13,23.85,23.5,21.09,21.09,42,3123
2022-05-16,25.31,24.3,23.53,25.31,33,3834
2022-05-17,24.9,24.75,24.4,24.6,38,3098
2022-05-18,24.98,24.6,24.6,24.67,23,1243
2022-05-19,24.74,23.85,23.63,24.74,55,6068
2022-05-20,24.01,23.85,23.85,24.0,31,2052
2022-05-23,24.0,23.85,23.74,24.0,41,3615
2022-05-24,23.95,23.79,23.74,23.75,30,1902
2022-05-25,23.99,23.99,23.74,23.77,19,2052
2022-05-26,24.26,24.0,23.95,24.26,28,1504
2022-05-27,23.91,23.77,23.77,23.9,23,389
2022-05-31,24.2,24.2,23.8,23.87,23,1236
2022-06-01,24.1,24.1,23.98,24.08,21,4246
2022-06-02,24.22,23.94,23.9,24.22,33,4136
2022-06-03,24.0,24.0,23.9,23.91,14,1285
2022-06-06,23.91,23.89,23.89,23.91,8,866
2022-06-07,23.9,23.77,23.75,23.9,70,1297
2022-06-08,23.63,23.6,23.45,23.63,27,1063
2022-06-09,23.58,23.5,23.25,23.58,20,920
2022-06-10,23.49,23.49,23.02,23.32,27,990
2022-06-13,23.5,23.3,22.63,23.5,26,2219
2022-06-14,22.41,22.41,21.54,22.0,41,4590
2022-06-15,22.97,22.97,22.74,22.74,21,397
2022-06-16,22.91,22.245,21.8,22.91,29,1796
2022-06-17,22.27,22.01,22.0,22.27,7,513
2022-06-21,22.5,22.24,22.01,22.01,18,508
2022-06-22,22.1,20.77,20.33,22.1,144,8891
2022-06-23,21.79,21.77,21.24,21.3,45,3684
2022-06-24,22.5,22.5,21.25,21.56,60,5734
2022-06-27,22.57,22.5,22.3,22.3,41,3314
2022-06-28,22.65,22.57,22.56,22.65,9,255
2022-06-29,22.5,22.15,21.64,22.5,5,218
2022-06-30,22.5,22.25,22.25,22.5,3,310
2022-07-01,22.5,22.43,22.38,22.38,26,1211
2022-07-05,22.5,22.4,22.4,22.5,13,490
2022-07-06,22.48,22.3,22.2,22.48,15,928
2022-07-07,22.7,22.7,22.485,22.49,56,7082
2022-07-08,22.8,22.75,22.68,22.7,14,1407
2022-07-11,22.64,22.5,21.45,22.64,37,4674
2022-07-12,22.65,22.65,22.53,22.6,12,982
2022-07-13,22.55,22.5,22.5,22.55,9,1209
2022-07-14,22.54,22.49,22.49,22.5,8,599
2022-07-15,22.49,22.4,22.25,22.25,25,1282
2022-07-18,22.83,22.83,22.69,22.69,16,324
2022-07-19,23.06,22.9,22.89,23.06,39,4038
2022-07-20,23.25,23.25,22.8,22.8,10,1251
2022-07-21,23.25,23.25,23.05,23.05,9,183
2022-07-22,23.64,23.64,23.4,23.4,12,683
2022-07-25,23.57,23.57,23.37,23.37,8,61
2022-07-26,23.75,23.75,23.32,23.5,13,1061
2022-07-27,24.18,24.065,23.7,23.7,32,3111
2022-07-28,24.33,24.225,24.17,24.17,30,2470
2022-07-29,24.43,24.43,24.25,24.4,29,2785
2022-08-01,24.375,24.35,24.3,24.3,11,459
2022-08-02,24.34,24.25,24.25,24.31,15,1363
2022-08-03,24.3,23.45,23.45,24.3,21,1034
2022-08-04,23.87,23.44,23.44,23.87,74,8139
2022-08-05,24.0,24.0,23.33,23.34,21,976
2022-08-08,24.245,23.72,23.71,23.71,30,3193
2022-08-09,23.76,23.37,23.22,23.76,39,2877
2022-08-10,24.35,24.2,23.62,23.62,21,1521
2022-08-11,24.61,24.61,24.31,24.35,23,1422
2022-08-12,24.63,24.35,24.35,24.44,29,2675
2022-08-15,24.43,24.35,23.8,24.43,33,1922
2022-08-16,24.55,24.0,23.32,24.35,37,3687
2022-08-17,24.25,24.1,24.1,24.25,6,332
2022-08-18,24.2,24.16,24.16,24.2,16,770
2022-08-19,24.0,23.9,23.88,24.0,14,504
2022-08-22,24.0,23.9,23.83,23.9,17,1358
2022-08-23,24.1,23.95,23.95,24.08,17,3247
2022-08-24,24.18,24.18,24.18,24.18,6,611
2022-08-25,24.16,24.1,23.78,24.16,20,1898
2022-08-26,24.15,24.11,23.91,24.15,18,1803
2022-08-29,24.13,23.95,23.9,24.13,24,1173
2022-08-30,23.9,23.7,23.7,23.9,23,2201
2022-08-31,23.76,23.29,23.2,23.76,38,3398
2022-09-01,23.34,23.11,23.11,23.34,19,667
2022-09-02,23.45,23.25,23.0,23.0,21,1835
2022-09-06,23.38,23.3,23.11,23.38,17,971
2022-09-07,23.48,23.48,23.17,23.3,9,525
2022-09-08,23.23,23.23,23.1,23.1,17,1415
2022-09-09,23.25,23.22,23.15,23.15,27,1691
2022-09-12,23.66,23.66,23.24,23.34,28,2015
2022-09-13,23.7,23.58,23.45,23.5,54,10095
2022-09-14,23.69,23.66,23.55,23.6,28,1700
2022-09-15,23.7,23.7,23.7,23.7,21,1152
2022-09-16,23.5,23.5,23.41,23.41,15,429
2022-09-19,23.63,23.63,23.4,23.5,50,7934
2022-09-20,23.62,23.37,23.3,23.62,36,2254
2022-09-21,23.8,23.69,23.55,23.55,45,3611
2022-09-22,23.6,23.5,23.45,23.6,27,1808
2022-09-23,23.4,22.81,22.81,23.4,39,2644
2022-09-26,23.7,22.84,21.54,22.6,101,12621
2022-09-27,23.6,23.25,22.11,23.6,20,1476
2022-09-28,23.4,22.95,22.65,23.25,25,1975
2022-09-29,23.0,23.0,22.8,22.9,32,3817
2022-09-30,23.25,23.025,22.77,23.02,53,4560
2022-10-03,23.44,23.05,22.95,23.06,55,6896
2022-10-04,23.21,23.0,23.0,23.21,18,2166
2022-10-05,23.23,23.23,23.04,23.05,5,379
2022-10-06,23.3,23.09,23.0,23.3,26,3731
2022-10-07,23.3,23.25,22.95,22.95,9,820
2022-10-10,23.25,23.19,23.19,23.25,5,258
2022-10-11,23.05,23.05,23.0,23.0,7,214
2022-10-12,23.24,23.24,23.2,23.24,12,956
2022-10-13,23.22,23.22,23.04,23.04,21,890
2022-10-14,23.15,23.03,22.86,23.15,28,4433
2022-10-17,23.02,22.93,22.88,23.02,38,2422
2022-10-18,23.07,22.95,22.88,23.07,23,1589
2022-10-19,23.08,23.0,22.99,23.08,39,1567
2022-10-20,23.06,22.98,22.98,23.06,32,892
2022-10-21,23.05,22.975,22.975,23.05,16,839
2022-10-24,23.25,23.0,23.0,23.1,48,6696
2022-10-25,23.35,23.05,23.0,23.25,35,4012
2022-10-26,23.05,23.0,22.95,23.05,31,2264
2022-10-27,23.1,22.8,22.8,23.1,43,3766
2022-10-28,22.86,22.86,22.5,22.7,15,1343
2022-10-31,23.19,23.01,22.55,22.8,24,2214
2022-11-01,23.24,23.24,22.98,23.15,9,653
2022-11-02,23.29,23.29,23.07,23.25,46,3226
2022-11-03,23.25,23.125,23.07,23.25,5,500
2022-11-04,23.21,23.21,23.15,23.15,7,827
2022-11-07,23.15,23.1,23.1,23.15,9,851
2022-11-08,23.17,23.11,23.1,23.17,10,439
2022-11-09,23.12,23.12,23.01,23.1,10,958
2022-11-10,23.2,23.1,23.1,23.2,14,822
2022-11-11,23.39,23.39,23.1,23.1,7,85
2022-11-14,23.19,23.15,23.1,23.19,6,868
2022-11-15,23.59,23.59,23.48,23.48,24,2050
2022-11-16,23.6,23.25,23.25,23.6,13,676
2022-11-17,23.6,23.22,23.22,23.23,201,18523
2022-11-18,23.47,23.47,23.03,23.35,35,3960
2022-11-21,23.64,23.64,23.47,23.47,39,2550
2022-11-22,23.65,23.65,23.52,23.65,13,664
2022-11-23,23.65,23.6,23.32,23.55,44,3004
2022-11-25,23.58,23.55,23.42,23.58,26,1700
2022-11-28,23.53,23.51,23.28,23.51,34,2461
2022-11-29,23.6,23.6,23.27,23.46,63,7255
2022-11-30,23.95,23.73,23.17,23.48,88,233544
2022-12-01,23.81,23.28,23.28,23.81,38,3504
2022-12-02,23.2,23.2,23.1,23.2,23,1471
2022-12-05,23.25,23.18,23.1,23.1,26,1745
2022-12-06,23.18,23.12,23.11,23.18,16,1472
2022-12-07,23.15,23.15,23.11,23.11,17,1332
2022-12-08,23.2,23.0,23.0,23.19,18,898
2022-12-09,23.16,23.05,23.0,23.16,7,316
2022-12-12,23.0,22.87,22.87,23.0,29,843
2022-12-13,23.0,22.95,22.9,23.0,19,618
2022-12-14,23.0,22.95,22.95,23.0,15,1032
2022-12-15,22.9,22.81,22.68,22.9,9,803
2022-12-16,22.85,22.75,22.65,22.85,24,3757
2022-12-19,22.75,22.7,22.7,22.75,7,911
2022-12-20,22.8,22.64,22.64,22.75,18,624
2022-12-21,22.74,22.7,22.5,22.65,23,1608
2022-12-22,22.68,22.64,22.6,22.68,15,522
2022-12-23,22.69,22.46,22.4,22.64,32,1703
2022-12-27,22.53,22.45,22.44,22.53,37,1994
2022-12-28,22.49,22.49,22.4,22.49,10,360
2022-12-29,22.48,22.43,22.13,22.38,7,323
2022-12-30,22.6,21.81,21.8,22.55,73,10059
2023-01-03,22.02,21.8,21.75,21.91,50,5229
2023-01-04,21.95,21.95,21.81,21.91,28,1521
2023-01-05,21.89,21.45,21.45,21.89,54,6488
2023-01-06,21.5,20.95,20.9,21.5,82,7932
2023-01-09,21.0,20.4,20.31,21.0,115,8465
2023-01-10,20.57,20.57,20.34,20.34,50,1341
