Date,HIGH,CLOSE,LOW,OPEN,COUNT,VOLUME
2013-01-02,4.0,3.9000000000000004,3.9000000000000004,4.0,2,820.0
2013-01-03,3.9000000000000004,3.9000000000000004,3.9000000000000004,3.9000000000000004,2,2000.0
2013-01-04,3.4499999999999997,3.4499999999999997,3.4499999999999997,3.4499999999999997,,
2013-01-07,3.95,3.95,3.95,3.95,,
2013-01-08,3.5,3.5,3.5,3.5,,
2013-01-09,3.75,3.25,3.25,3.75,4,100.0
2013-01-10,3.15,3.15,3.15,3.15,1,20.0
2013-01-11,4.095,3.65,3.4499999999999997,3.4499999999999997,7,254.6
2013-01-14,3.7,3.7,3.7,3.7,1,60.0
2013-01-15,4.65,4.65,4.5,4.5,5,282.2
2013-01-16,4.9,4.7515,4.65,4.65,6,324.2
2013-01-18,6.65,6.05,5.05,6.65,13,700.0
2013-01-22,9.200000000000001,7.8500000000000005,7.55,8.75,55,4133.2
2013-01-23,8.7,7.8500000000000005,7.8500000000000005,8.7,21,2812.6
2013-01-24,6.949999999999999,6.35,6.2,6.949999999999999,23,822.8
2013-01-25,7.45,7.45,6.35,6.35,6,439.0
2013-01-28,7.25,6.35,6.35,7.25,6,220.0
2013-01-29,6.8500000000000005,6.5,6.35,6.8500000000000005,4,560.0
2013-01-30,6.7,6.1,6.1,6.7,5,312.6
2013-01-31,6.1,5.45,5.45,6.1,7,440.0
2013-02-01,5.3500000000000005,5.300000000000001,5.300000000000001,5.3500000000000005,2,112.0
2013-02-04,5.5,5.5,5.05,5.45,35,1073.8
2013-02-05,5.0,4.5,4.4995,5.0,11,491.2
2013-02-06,5.0,4.95,4.95,4.95,13,674.0
2013-02-07,5.5,4.85,4.85,5.5,4,191.6
2013-02-11,4.6000000000000005,4.6000000000000005,4.6000000000000005,4.6000000000000005,3,340.0
2013-02-12,4.95,4.95,4.65,4.65,2,40.0
2013-02-13,5.5,5.5,5.5,5.5,1,106.0
2013-02-14,5.5,5.0,5.0,5.5,2,60.0
2013-02-15,5.25,4.8,4.8,5.25,3,240.0
2013-02-19,5.5,5.25,5.0,5.5,4,101.4
2013-02-20,5.25,5.2,5.15,5.15,4,120.0
2013-02-21,5.25,5.0,5.0,5.25,3,140.0
2013-02-22,5.05,4.95,4.95,5.05,4,80.0
2013-02-25,5.05,4.95,4.95,5.05,5,241.0
2013-02-27,5.05,5.05,5.05,5.05,1,20.0
2013-03-01,5.2,5.2,5.15,5.15,3,580.0
2013-03-04,5.25,5.0,5.0,5.25,4,100.0
2013-03-05,5.05,5.0,4.95,4.95,6,340.0
2013-03-06,5.25,5.0,5.0,5.25,2,80.0
2013-03-07,4.8,4.8,4.8,4.8,1,400.0
2013-03-08,4.9,4.9,4.9,4.9,,
2013-03-11,4.85,4.85,4.75,4.75,1,84.6
2013-03-12,5.05,4.755,4.755,5.05,8,484.2
2013-03-13,4.85,4.85,4.75,4.75,1,100.0
2013-03-14,4.9995,4.9995,4.85,4.85,2,50.4
2013-03-15,4.85,4.85,4.85,4.85,,
2013-03-18,5.0,4.8,4.8,5.0,15,665.4
2013-03-19,4.85,4.65,4.65,4.85,2,420.0
2013-03-20,4.65,4.65,4.65,4.65,1,120.0
2013-03-22,4.75,4.45,4.45,4.75,5,360.0
2013-03-26,4.4,4.4,4.4,4.4,,
2013-03-27,4.4,4.4,4.4,4.4,,
2013-03-28,3.9619999999999997,3.9619999999999997,3.9619999999999997,3.9619999999999997,,
2013-04-03,4.4,4.375,4.375,4.4,2,60.0
2013-04-04,4.5,4.5,4.35,4.35,4,412.2
2013-04-05,4.5,4.5,4.35,4.35,1,20.0
2013-04-08,4.45,4.45,4.45,4.45,1,20.0
2013-04-09,4.5,4.5,4.45,4.45,27,560.0
2013-04-10,4.5,4.5,4.5,4.5,1,80.0
2013-04-11,4.5,4.47,4.45,4.5,9,2180.0
2013-04-12,4.5,4.45,4.35,4.5,3,325.2
2013-04-15,4.5,4.5,4.2,4.25,7,340.0
2013-04-16,4.25,4.25,4.25,4.25,,
2013-04-17,4.5,4.5,4.5,4.5,1,912.0
2013-04-18,4.3180000000000005,4.3180000000000005,4.3,4.3,3,279.0
2013-04-19,4.5,4.5,4.5,4.5,1,100.0
2013-04-22,4.25,4.032,4.032,4.25,2,40.0
2013-04-23,4.5,4.3,4.3,4.5,2,380.0
2013-04-24,4.45,4.45,4.45,4.45,1,20.0
2013-04-25,4.45,4.1,4.1,4.45,7,180.0
2013-04-26,4.5,4.5,4.35,4.35,2,220.0
2013-04-29,4.5,4.5,4.5,4.5,4,2100.0
2013-04-30,4.5,4.45,4.45,4.5,8,545.4
2013-05-01,4.5,4.5,4.5,4.5,1,20.0
2013-05-02,4.35,4.35,4.35,4.35,2,60.0
2013-05-03,4.45,4.45,4.3,4.35,8,200.0
2013-05-06,4.45,4.45,4.45,4.45,6,1599.0
2013-05-07,4.45,4.45,4.050000000000001,4.45,15,729.6
2013-05-13,4.45,4.45,4.45,4.45,1,160.0
2013-05-14,4.050000000000001,4.050000000000001,4.050000000000001,4.050000000000001,2,106.6
2013-05-15,4.086,4.086,4.050000000000001,4.050000000000001,4,1860.0
2013-05-21,4.45,4.45,4.4,4.4,2,107.4
2013-05-23,4.45,4.45,4.45,4.45,4,80.0
2013-05-24,4.45,4.45,4.4,4.4,2,305.2
2013-05-28,4.45,4.45,4.4,4.4,6,2393.0
2013-05-29,4.25,4.25,4.25,4.25,1,40.0
2013-05-31,4.4,4.2,4.2,4.4,5,1034.2
2013-06-03,4.5,4.244,4.2,4.4,9,900.0
2013-06-04,4.4,4.4,4.2,4.4,5,280.0
2013-06-05,4.25,4.25,4.25,4.25,1,130.8
2013-06-06,4.3,4.3,4.3,4.3,1,117.6
2013-06-07,4.2,4.0600000000000005,4.0600000000000005,4.2,16,350.4
2013-06-10,4.050000000000001,4.050000000000001,4.050000000000001,4.050000000000001,1,20.0
2013-06-11,4.1,4.0535,4.050000000000001,4.1,4,6282.0
2013-06-13,4.1,4.1,4.1,4.1,1,80.0
2013-06-14,4.35,4.35,4.3,4.3,3,796.8
2013-06-17,4.25,4.25,4.2,4.25,2,2620.0
2013-06-18,4.0,3.96,3.96,4.0,2,360.0
2013-06-19,4.25,4.1,4.1,4.2,6,280.0
2013-06-20,4.1499999999999995,4.1499999999999995,4.1499999999999995,4.1499999999999995,1,200.0
2013-06-21,4.29,4.109999999999999,4.109999999999999,4.25,2,600.0
2013-06-24,4.1499999999999995,4.1,4.1,4.1499999999999995,3,80.0
2013-06-25,4.0875,4.0875,4.0875,4.0875,2,40.0
2013-06-26,4.2,4.1499999999999995,4.1499999999999995,4.2,3,1000.0
2013-06-27,4.2,4.2,4.2,4.2,3,320.0
2013-06-28,4.25,4.25,4.2,4.25,6,800.0
2013-07-01,4.25,4.2,4.2,4.25,3,61.0
2013-07-02,4.2,4.2,4.2,4.2,6,360.0
2013-07-03,4.1,4.0175,4.0175,4.1,4,100.0
2013-07-05,4.25,4.25,4.25,4.25,1,207.6
2013-07-08,4.1499999999999995,4.14,4.1,4.1499999999999995,2,477.8
2013-07-09,4.050000000000001,4.050000000000001,4.050000000000001,4.050000000000001,,
2013-07-11,4.0,4.0,4.0,4.0,1,40.0
2013-07-12,4.2,4.2,4.1,4.1,4,485.2
2013-07-15,4.2,4.2,4.2,4.2,3,280.0
2013-07-16,4.25,4.25,4.25,4.25,1,20.0
2013-07-17,4.25,4.25,4.2,4.2,3,1627.2
2013-07-18,4.485,4.485,4.45,4.45,2,88.2
2013-07-19,4.5,4.5,4.5,4.5,7,2810.4
2013-07-22,4.5,4.5,4.5,4.5,3,785.4
2013-07-23,4.5,4.5,4.4,4.5,7,1380.0
2013-07-24,4.5,4.5,4.5,4.5,23,1239.2
2013-07-25,8.0,6.05,4.699999999999999,4.699999999999999,49,2946.4
2013-07-26,8.5,7.6,6.65,6.65,52,4086.6
2013-07-29,8.45,7.9,7.9,8.100000000000001,8,466.0
2013-07-30,12.0,11.7,9.0,9.85,95,7253.2
2013-07-31,11.25,8.55,8.5,11.25,22,2867.6
2013-08-01,9.45,8.95,8.5,8.5,6,1617.6
2013-08-02,8.6,8.5,8.5,8.6,12,2410.0
2013-08-05,9.8,8.5,8.5,9.8,31,5707.2
2013-08-06,8.2,8.2,8.0,8.100000000000001,6,467.8
2013-08-07,9.45,8.7,8.25,9.45,7,960.0
2013-08-08,8.65,8.45,8.45,8.65,3,200.0
2013-08-09,8.299999999999999,8.25,8.25,8.299999999999999,2,79.8
2013-08-12,8.299999999999999,8.299999999999999,8.299999999999999,8.299999999999999,5,240.0
2013-08-13,8.5,8.35,8.299999999999999,8.5,6,960.0
2013-08-14,8.45,8.05,8.05,8.35,4,320.0
2013-08-15,8.100000000000001,8.100000000000001,8.100000000000001,8.100000000000001,,
2013-08-16,8.05,8.05,8.05,8.05,1,60.0
2013-08-20,7.6,7.4,7.4,7.6,10,700.0
2013-08-21,7.35,7.35,7.35,7.35,1,20.0
2013-08-22,7.3,7.3,7.3,7.3,1,43.2
2013-08-23,7.3,7.3,7.3,7.3,1,40.0
2013-08-26,6.800000000000001,6.800000000000001,6.800000000000001,6.800000000000001,2,760.0
2013-08-27,6.800000000000001,6.75,6.75,6.800000000000001,6,563.6
2013-08-29,6.75,6.75,6.75,6.75,1,200.0
2013-08-30,7.199999999999999,7.199999999999999,6.5,6.5,5,576.4
2013-09-03,7.95,7.95,7.1,7.1,2,279.8
2013-09-04,8.0,7.5,7.5,8.0,6,414.2
2013-09-05,8.7,7.5,7.5,8.7,22,3938.6
2013-09-06,7.5,7.3,7.3,7.5,4,604.2
2013-09-09,7.5,7.3,7.3,7.5,14,390.4
2013-09-10,7.5,7.45,7.3,7.3,5,100.0
2013-09-11,7.45,7.45,7.45,7.45,,
2013-09-12,7.45,7.45,7.45,7.45,2,95.6
2013-09-13,7.3,7.25,7.25,7.3,2,60.0
2013-09-16,7.25,7.25,6.949999999999999,6.949999999999999,4,500.0
2013-09-17,7.4,7.4,7.35,7.35,2,40.0
2013-09-18,7.1499999999999995,6.800000000000001,6.75,6.75,4,1280.0
2013-09-19,7.0,6.800000000000001,6.75,6.75,5,277.0
2013-09-20,7.5,7.5,7.1499999999999995,7.1499999999999995,1,1450.4
2013-09-23,7.5,6.8500000000000005,6.8500000000000005,7.5,5,621.2
2013-09-24,7.5,6.8500000000000005,6.8500000000000005,7.0,3,60.0
2013-09-25,6.949999999999999,6.75,6.75,6.949999999999999,11,1366.8
2013-09-26,6.949999999999999,5.6000000000000005,5.6000000000000005,6.949999999999999,11,997.4
2013-09-27,6.0,6.0,5.45,5.45,2,260.0
2013-09-30,6.0,6.0,5.949999999999999,5.949999999999999,3,120.0
2013-10-01,5.949999999999999,5.8999999999999995,5.8999999999999995,5.949999999999999,3,680.0
2013-10-02,5.75,5.75,5.75,5.75,1,20.0
2013-10-03,5.75,5.300000000000001,5.300000000000001,5.75,10,682.6
2013-10-04,5.550000000000001,5.550000000000001,5.15,5.15,1,20.0
2013-10-07,5.550000000000001,5.550000000000001,5.550000000000001,5.550000000000001,2,100.0
2013-10-08,5.15,5.1,5.1,5.15,2,80.0
2013-10-09,5.6499999999999995,5.300000000000001,5.300000000000001,5.6499999999999995,5,200.0
2013-10-11,5.6000000000000005,5.550000000000001,5.45,5.45,7,586.4
2013-10-14,5.6000000000000005,5.6000000000000005,5.550000000000001,5.550000000000001,3,240.2
2013-10-15,5.550000000000001,5.5,4.95,4.95,6,450.2
2013-10-16,5.15,5.15,5.15,5.15,1,20.0
2013-10-21,5.6000000000000005,5.4,5.4,5.6000000000000005,5,1240.0
2013-10-22,6.15,5.8,5.75,6.15,7,1310.0
2013-10-23,6.0,5.8,5.8,6.0,2,40.0
2013-10-24,6.0,5.4,5.4,6.0,15,1570.0
2013-10-28,5.5,5.45,5.4,5.45,7,140.0
2013-10-29,5.5,5.5,5.5,5.5,9,960.0
2013-10-31,5.6000000000000005,5.6000000000000005,5.6000000000000005,5.6000000000000005,2,300.0
2013-11-01,5.85,5.85,5.85,5.85,,
2013-11-04,6.2,6.2,5.75,5.75,5,248.0
2013-11-05,6.2,6.2,6.2,6.2,1,156.0
2013-11-07,6.15,6.15,5.2,5.3500000000000005,33,3100.0
2013-11-08,6.2,6.2,6.15,6.2,3,380.0
2013-11-11,6.2,6.0,6.0,6.2,2,240.0
2013-11-12,6.0,5.85,5.85,6.0,1,20.0
2013-11-13,5.85,5.75,5.75,5.85,4,437.2
2013-11-15,5.949999999999999,5.949999999999999,5.949999999999999,5.949999999999999,2,706.0
2013-11-18,6.0,6.0,6.0,6.0,1,135.4
2013-11-19,6.2,5.75,5.75,6.2,6,480.0
2013-11-20,5.6000000000000005,5.5,5.45,5.6000000000000005,20,1640.0
2013-11-22,5.949999999999999,5.5,5.5,5.5,13,3934.8
2013-11-25,5.5,5.5,5.4,5.4,3,246.0
2013-11-26,5.5,5.5,5.5,5.5,5,1765.8
2013-11-27,5.45,5.3500000000000005,5.3500000000000005,5.45,8,5100.0
2013-11-29,5.550000000000001,5.550000000000001,5.550000000000001,5.550000000000001,,
2013-12-02,5.550000000000001,5.4,5.4,5.550000000000001,3,1555.6
2013-12-03,5.4,5.300000000000001,5.300000000000001,5.4,3,480.0
2013-12-05,5.2,5.15,4.8,5.1,13,1130.0
2013-12-06,5.25,5.0,4.95,5.25,6,1027.4
2013-12-09,5.15,4.859999999999999,4.859999999999999,5.0,63,2697.2
2013-12-10,5.1,5.1,5.1,5.1,1,160.0
2013-12-11,5.25,5.25,4.9,4.9,6,751.2
2013-12-13,5.0,5.0,4.95,4.95,4,531.6
2013-12-16,5.0,5.0,5.0,5.0,15,3279.6
2013-12-17,5.0,5.0,4.95,4.95,2,51.0
2013-12-18,4.99,4.95,4.95,4.99,3,19.8
2013-12-19,5.0,5.0,4.95,4.95,9,1060.8
2013-12-20,5.0,4.95,4.95,5.0,7,1063.4
2013-12-23,5.0,5.0,5.0,5.0,9,947.8
2013-12-24,5.1,5.1,5.0,5.0,6,2822.6
2013-12-26,5.25,5.1,5.1,5.1,6,163.8
2013-12-30,5.05,5.05,5.0,5.0,2,44.0
2013-12-31,5.05,5.05,5.0,5.0,8,1651.6
2014-01-02,5.0,4.699999999999999,4.699999999999999,5.0,21,3338.4
2014-01-03,4.85,4.6605,4.6605,4.85,9,2600.0
2014-01-06,4.99,4.99,4.699999999999999,4.699999999999999,13,1928.2
2014-01-07,5.1,5.1,5.0,5.0,14,442.4
2014-01-08,5.300000000000001,5.25,5.0,5.1,29,3640.0
2014-01-09,5.1,5.0,4.95,5.1,12,1420.0
2014-01-10,5.2,5.0,5.0,5.15,4,491.8
2014-01-13,5.0,4.8,4.8,5.0,7,548.0
2014-01-15,5.0,5.0,4.95,4.95,9,1470.0
2014-01-16,5.0,5.0,4.95,4.95,4,480.0
2014-01-17,5.25,4.9,4.9,5.0,140,5246.0
2014-01-21,5.15,4.974,4.974,5.15,4,160.0
2014-01-22,5.0,5.0,5.0,5.0,2,689.8
2014-01-23,5.0,4.75,4.6000000000000005,5.0,19,1820.4
2014-01-24,4.95,4.95,4.95,4.95,1,20.0
2014-01-27,4.8,4.8,4.8,4.8,5,610.0
2014-01-28,4.85,4.8375,4.8375,4.85,2,94.0
2014-01-29,4.945,4.81,4.81,4.945,2,100.0
2014-01-30,5.05,5.0,4.95,4.95,3,730.0
2014-01-31,5.15,4.9,4.9,5.15,7,280.0
2014-02-03,4.8605,4.8605,4.8605,4.8605,1,20.0
2014-02-04,5.05,5.05,5.05,5.05,1,20.0
2014-02-07,5.1,5.0,5.0,5.1,3,78.0
2014-02-10,6.45,4.9,4.9,4.9,157,16535.2
2014-02-11,5.45,5.25,5.0,5.0,3,209.0
2014-02-12,5.6499999999999995,5.15,5.15,5.6499999999999995,17,2080.0
2014-02-13,5.6499999999999995,5.3500000000000005,5.3500000000000005,5.550000000000001,9,1299.2
2014-02-14,5.4,5.25,5.25,5.4,8,286.2
2014-02-18,5.300000000000001,5.2,5.2,5.300000000000001,14,1260.0
2014-02-19,5.3500000000000005,5.0,4.95,5.3500000000000005,13,5943.6
2014-02-20,5.0,5.0,4.9,4.9,3,1040.0
2014-02-21,4.95,4.95,4.95,4.95,3,80.0
2014-02-24,5.45,5.0,5.0,5.45,7,326.4
2014-02-25,4.95,4.9,4.9,4.9,3,60.0
2014-02-26,5.15,5.0,4.9,4.9,13,4080.0
2014-02-27,5.25,5.0,5.0,5.25,5,480.0
2014-02-28,5.05,4.95,4.95,5.05,3,187.2
2014-03-03,5.4,5.0,5.0,5.4,3,90.0
2014-03-04,5.8999999999999995,4.906,4.906,5.0,30,7145.0
2014-03-05,5.3500000000000005,5.3500000000000005,4.905,4.905,16,2787.0
2014-03-06,5.300000000000001,5.2,5.2,5.25,5,1340.0
2014-03-11,5.25,5.15,5.15,5.25,7,1140.0
2014-03-12,5.6000000000000005,5.6000000000000005,5.6000000000000005,5.6000000000000005,1,0.2
2014-03-13,6.800000000000001,6.15,5.5,5.699999999999999,33,3130.6
2014-03-14,5.949999999999999,5.75,5.75,5.949999999999999,8,744.0
2014-03-17,5.949999999999999,5.8,5.8,5.949999999999999,2,806.6
2014-03-18,5.699999999999999,5.699999999999999,5.699999999999999,5.699999999999999,1,14.0
2014-03-19,5.550000000000001,5.550000000000001,5.550000000000001,5.550000000000001,13,640.4
2014-03-20,5.5,5.5,5.5,5.5,2,561.8
2014-03-21,5.6000000000000005,5.550000000000001,5.45,5.6000000000000005,10,1849.2
2014-03-24,5.6000000000000005,5.6000000000000005,5.550000000000001,5.6000000000000005,3,800.2
2014-03-26,5.6499999999999995,5.6499999999999995,5.6499999999999995,5.6499999999999995,1,100.0
2014-03-27,5.85,5.85,5.85,5.85,3,321.0
2014-03-28,5.75,5.699999999999999,5.699999999999999,5.75,2,101.0
2014-03-31,5.949999999999999,5.75,5.6499999999999995,5.8,8,152.4
2014-04-01,5.8,5.699999999999999,5.699999999999999,5.8,2,19.8
2014-04-02,5.949999999999999,5.949999999999999,5.8999999999999995,5.8999999999999995,2,68.6
2014-04-03,5.699999999999999,5.699999999999999,5.699999999999999,5.699999999999999,1,20.0
2014-04-07,6.0,6.0,5.8999999999999995,6.0,3,429.0
2014-04-08,5.8999999999999995,5.75,5.75,5.8999999999999995,3,415.4
2014-04-11,5.8,5.8,5.699999999999999,5.699999999999999,10,3665.0
2014-04-14,5.699999999999999,5.699999999999999,5.699999999999999,5.699999999999999,2,0.4
2014-04-15,5.699999999999999,5.6499999999999995,5.6499999999999995,5.699999999999999,4,892.4
2014-04-16,5.8,5.8,5.8,5.8,2,640.0
2014-04-21,5.75,5.6499999999999995,5.6499999999999995,5.75,2,40.0
2014-04-22,5.6499999999999995,5.6499999999999995,5.6499999999999995,5.6499999999999995,5,200.0
2014-04-23,5.699999999999999,5.699999999999999,5.699999999999999,5.699999999999999,4,380.0
2014-04-25,5.75,5.75,5.5,5.5,6,540.0
2014-04-28,5.8,5.550000000000001,5.550000000000001,5.8,3,31.2
2014-04-29,5.45,5.45,5.45,5.45,1,20.0
2014-04-30,5.45,5.4,5.4,5.4,15,495.0
2014-05-01,5.6000000000000005,5.45,5.45,5.6000000000000005,2,20.2
2014-05-02,5.45,5.25,5.25,5.45,6,264.2
2014-05-05,5.300000000000001,5.25,5.25,5.300000000000001,4,240.0
2014-05-06,5.25,5.2,5.2,5.25,2,60.6
2014-05-07,5.15,5.0,5.0,5.15,3,1020.0
2014-05-08,5.15,5.1,5.1,5.15,2,20.8
2014-05-09,4.8,4.699999999999999,4.699999999999999,4.8,33,3601.4
2014-05-12,4.846,4.699999999999999,4.699999999999999,4.699999999999999,16,546.0
2014-05-13,4.7989999999999995,4.75,4.75,4.7989999999999995,21,1460.0
2014-05-14,4.75,4.75,4.75,4.75,3,1020.0
2014-05-15,4.754,4.65,4.65,4.754,3,1400.0
2014-05-16,4.9,4.625,4.6000000000000005,4.9,24,2240.0
2014-05-19,4.649,4.55,4.55,4.649,4,520.0
2014-05-21,4.65,4.65,4.65,4.65,3,41.0
2014-05-23,4.65,4.65,4.65,4.65,2,540.0
2014-05-27,4.65,4.65,4.65,4.65,1,20.0
2014-05-28,4.6000000000000005,4.6000000000000005,4.6000000000000005,4.6000000000000005,6,960.0
2014-05-29,4.6000000000000005,4.55,4.5,4.5115,13,881.8
2014-05-30,4.5,4.5,4.5,4.5,1,169.0
2014-06-03,4.51,4.5,4.4990000000000006,4.4990000000000006,13,802.2
2014-06-04,4.45,4.36,4.36,4.45,4,1202.0
2014-06-05,4.74,4.55,4.55,4.6899999999999995,17,2060.0
2014-06-06,4.699999999999999,4.65,4.65,4.699999999999999,6,236.0
2014-06-09,5.15,4.76,4.76,4.8,18,1064.8
2014-06-10,5.5,4.8,4.75,5.2,10,2222.6
2014-06-11,5.05,4.8065,4.8065,5.0,8,483.6
2014-06-12,4.8385,4.8385,4.75,4.8,8,221.4
2014-06-13,4.664499999999999,4.65,4.6000000000000005,4.6000000000000005,4,90.8
2014-06-16,5.0,5.0,4.9895,4.9990000000000006,6,552.0
2014-06-17,4.8,4.8,4.8,4.8,13,186.4
2014-06-19,4.8,4.75,4.75,4.8,9,174.4
2014-06-20,5.0,4.8454999999999995,4.8454999999999995,5.0,2,65.0
2014-06-23,4.8,4.8,4.8,4.8,2,1.2
2014-06-25,4.7465,4.65,4.65,4.7465,5,1038.2
2014-06-26,5.2,4.85,4.814,4.85,40,1032.6
2014-06-30,5.25,5.25,5.25,5.25,1,200.0
2014-07-01,5.0,5.0,5.0,5.0,2,240.0
2014-07-07,4.8,4.8,4.8,4.8,9,580.0
2014-07-08,5.0,4.699999999999999,4.699999999999999,5.0,3,120.0
2014-07-09,5.0,4.973,4.9,5.0,9,192.0
2014-07-10,5.0,4.8,4.8,5.0,5,106.6
2014-07-14,4.8,4.8,4.8,4.8,1,40.0
2014-07-15,5.0,4.75,4.75,5.0,5,307.2
2014-07-16,5.0,5.0,5.0,5.0,1,200.0
2014-07-18,4.95,4.95,4.95,4.95,1,1.4
2014-07-21,4.75,4.75,4.75,4.75,1,94.0
2014-07-22,4.8,4.8,4.8,4.8,1,0.2
2014-07-24,6.25,5.300000000000001,4.7955,4.899,108,8770.2
2014-07-25,5.2,5.2,4.75,5.0,8,1040.2
2014-07-28,5.2,5.2,5.2,5.2,1,90.0
2014-07-29,6.0,5.4,4.9,4.9,68,2091.4
2014-07-30,5.4,5.4,5.4,5.4,1,50.0
2014-07-31,5.6000000000000005,4.9,4.9,5.6000000000000005,5,571.2
2014-08-01,5.15,5.15,4.8,4.8,7,372.0
2014-08-04,5.15,5.15,5.15,5.15,1,20.0
2014-08-05,5.1,5.0,5.0,5.1,4,558.8
2014-08-08,4.8,4.8,4.8,4.8,5,420.0
2014-08-11,4.9,4.8,4.75,4.8,10,1210.0
2014-08-12,5.1,5.0,5.0,5.1,4,540.0
2014-08-13,5.15,5.1,5.1,5.15,3,30.4
2014-08-15,4.75,4.75,4.75,4.75,2,1880.0
2014-08-18,4.75,4.75,4.75,4.75,2,125.8
2014-08-19,4.9325,4.878,4.878,4.9215,3,60.0
2014-08-20,4.85,4.85,4.8,4.8,3,640.0
2014-08-21,4.85,4.75,4.75,4.85,6,1474.2
2014-08-25,5.0,4.75,4.75,4.9495000000000005,17,582.0
2014-08-27,5.05,5.05,5.0,5.0,12,240.0
2014-08-29,4.8,4.8,4.8,4.8,1,60.0
2014-09-03,4.8975,4.75,4.75,4.8975,4,159.6
2014-09-05,4.699999999999999,4.6000000000000005,4.6000000000000005,4.699999999999999,8,700.0
2014-09-08,4.975,4.975,4.9399999999999995,4.95,45,825.4
2014-09-09,4.95,4.95,4.8,4.95,12,206.0
2014-09-10,5.05,4.95,4.9,5.05,12,342.8
2014-09-11,5.05,5.05,4.975,5.0,18,524.8
2014-09-12,5.4,5.300000000000001,5.25,5.4,19,291.2
2014-09-15,5.25,5.25,5.05,5.05,12,277.8
2014-09-16,5.0,5.0,4.9,5.0,16,487.8
2014-09-17,5.4,5.3500000000000005,5.3500000000000005,5.3500000000000005,11,170.8
2014-09-18,5.3500000000000005,5.2,5.2,5.300000000000001,22,267.4
2014-09-19,5.300000000000001,4.85,4.85,5.300000000000001,10,2617.0
2014-09-22,5.05,5.05,4.85,4.85,14,541.2
2014-09-25,5.1,4.95,4.95,5.1,3,43.2
2014-09-26,5.05,5.05,5.05,5.05,1,42.0
2014-10-02,5.0,4.9,4.9,5.0,5,300.8
2014-10-03,4.95,4.95,4.95,4.95,1,20.0
2014-10-06,4.95,4.947,4.947,4.95,2,60.0
2014-10-07,5.1,5.05,4.9,4.9,31,1288.8
2014-10-08,5.0,5.0,5.0,5.0,1,40.0
2014-10-09,4.95,4.95,4.95,4.95,1,40.0
2014-10-10,5.0,4.9,4.9,5.0,17,2880.8
2014-10-14,4.95,4.8,4.8,4.95,16,2545.6
2014-10-15,4.849,4.248,4.248,4.8,20,1281.0
2014-10-17,4.8,4.8,4.75,4.75,3,219.0
2014-10-20,4.8,4.8,4.8,4.8,1,3.8
2014-10-23,4.8,4.7844999999999995,4.7844999999999995,4.8,4,62.8
2014-10-24,4.75,4.75,4.75,4.75,1,120.0
2014-10-27,4.75,4.6000000000000005,4.6000000000000005,4.75,3,540.0
2014-10-28,4.6000000000000005,4.415,4.415,4.6000000000000005,10,1745.0
2014-10-30,4.5,4.45,4.45,4.5,4,600.0
2014-10-31,4.3,3.5060000000000002,3.165,4.25,51,7407.8
2014-11-03,4.1,3.7990000000000004,3.7,4.1,17,1898.0
2014-11-04,3.814,3.5,3.5,3.814,7,1226.0
2014-11-05,3.525,3.525,3.525,3.525,1,240.0
2014-11-06,4.0,3.5995,3.5995,4.0,9,2402.4
2014-11-07,3.63,3.63,3.63,3.63,1,160.0
2014-11-10,3.9000000000000004,3.85,3.8,3.9000000000000004,11,2840.0
2014-11-11,3.65,3.65,3.65,3.65,1,20.0
2014-11-12,3.65,3.65,3.65,3.65,2,40.0
2014-11-13,3.7,3.7,3.7,3.7,2,1320.0
2014-11-14,3.5999999999999996,3.5,3.5,3.5999999999999996,10,2001.4
2014-11-17,3.4989999999999997,3.4555000000000002,3.4555000000000002,3.4989999999999997,2,120.0
2014-11-18,3.4499999999999997,3.35,3.35,3.4499999999999997,6,380.0
2014-11-19,3.2,3.15,3.15,3.2,7,3004.0
2014-11-20,3.25,3.25,3.25,3.25,4,973.2
2014-11-21,3.25,3.2335000000000003,3.225,3.25,7,406.8
2014-11-24,3.1,3.0,3.0,3.1,16,620.0
2014-11-25,3.0,3.0,3.0,3.0,21,1340.0
2014-11-26,3.25,3.25,3.1,3.2,13,643.4
2014-11-28,3.25,3.25,3.25,3.25,1,400.0
2014-12-01,3.3000000000000003,3.2569999999999997,3.05,3.1,22,935.4
2014-12-02,3.2495000000000003,3.05,3.0,3.2495000000000003,7,188.6
2014-12-03,3.25,3.1355,3.1355,3.25,3,120.0
2014-12-04,3.25,3.25,3.1959999999999997,3.25,5,160.0
2014-12-05,3.0995,3.0995,3.05,3.05,4,436.0
2014-12-08,3.05,3.05,2.9065000000000003,3.05,11,500.0
2014-12-09,3.075,3.0,2.9075,2.9075,20,2216.8
2014-12-10,2.9075,2.7,2.55,2.9075,20,3065.0
2014-12-11,2.7,2.6935,2.55,2.7,24,6510.2
2014-12-12,2.6500000000000004,2.625,2.5,2.5,25,466.0
2014-12-15,2.8499999999999996,2.6,2.55,2.8499999999999996,7,541.4
2014-12-16,2.6750000000000003,2.6500000000000004,2.6500000000000004,2.6750000000000003,4,168.2
2014-12-17,2.6950000000000003,2.55,2.55,2.6875,24,754.2
2014-12-18,2.6995000000000005,2.6745,2.55,2.6995000000000005,28,2728.0
2014-12-19,2.6500000000000004,2.5,2.5,2.5505,13,8473.2
2014-12-22,2.6,2.6,2.4505,2.4505,15,540.6
2014-12-23,2.6500000000000004,2.5,2.45,2.6500000000000004,4,230.6
2014-12-24,2.6,2.5124999999999997,2.5124999999999997,2.6,4,1200.2
2014-12-26,2.5004999999999997,2.5004999999999997,2.5,2.5,3,469.2
2014-12-29,2.5,2.5,2.5,2.5,7,82.8
2014-12-30,2.55,2.5,2.5,2.5,13,1982.4
2014-12-31,2.55,2.4,2.4,2.5,11,483.8
2015-01-05,2.3000000000000003,2.3000000000000003,2.3000000000000003,2.3000000000000003,1,20.0
2015-01-06,2.535,2.325,2.325,2.5,8,277.8
2015-01-07,2.55,2.5,2.5,2.55,2,40.0
2015-01-08,2.55,2.55,2.5,2.5,2,60.0
2015-01-09,2.7,2.7,2.6,2.6,3,63.6
2015-01-12,2.7,2.41,2.41,2.7,2,40.0
2015-01-13,3.55,2.8499999999999996,2.55,2.55,41,2018.6
2015-01-14,3.709,3.1,3.1,3.709,10,320.0
2015-01-15,3.8125,3.8125,3.35,3.35,23,2040.0
2015-01-16,4.1,3.95,3.8,4.1,70,1831.4
2015-01-20,4.1,3.75,3.4499999999999997,4.1,25,2255.8
2015-01-21,3.4499999999999997,3.4000000000000004,3.4000000000000004,3.4499999999999997,4,80.0
2015-01-22,3.75,3.7,3.4499999999999997,3.4499999999999997,13,551.8
2015-01-23,3.65,3.4499999999999997,3.4499999999999997,3.5999999999999996,8,328.8
2015-01-26,3.4499999999999997,3.4499999999999997,3.4499999999999997,3.4499999999999997,1,20.0
2015-01-27,3.3000000000000003,3.3000000000000003,3.25,3.25,5,560.0
2015-01-28,3.65,3.4499999999999997,3.4499999999999997,3.65,6,425.0
2015-01-29,3.5625,3.5625,3.35,3.35,5,414.4
2015-01-30,3.9250000000000003,3.9250000000000003,3.75,3.8,18,636.2
2015-02-02,4.5,4.5,3.9000000000000004,4.4,14,1025.6
2015-02-03,4.6000000000000005,4.0,4.0,4.6000000000000005,11,1044.6
2015-02-05,4.25,4.25,4.1,4.1,10,1890.6
2015-02-06,4.85,4.1,4.1,4.5,13,1311.4
2015-02-09,5.0,3.9000000000000004,3.9000000000000004,5.0,8,1711.8
2015-02-10,4.5,4.4,4.4,4.4105,9,111.6
2015-02-18,4.6000000000000005,4.6000000000000005,4.6000000000000005,4.6000000000000005,1,2.8
2015-02-19,4.75,4.4,4.25,4.75,3,86.0
2015-02-24,5.0,4.3,4.25,5.0,7,1054.6
2015-02-25,4.5,4.5,4.5,4.5,1,7.6
2015-02-26,5.0,4.3,4.25,5.0,11,1680.0
2015-02-27,4.75,4.75,4.75,4.75,1,0.4
2015-03-02,4.8,4.8,4.75,4.75,2,49.8
2015-03-03,4.85,4.85,4.8,4.8,9,153.6
2015-03-04,4.85,4.85,4.5,4.5,2,200.6
2015-03-05,4.5,4.3,4.3,4.5,2,300.0
2015-03-09,4.35,4.35,4.35,4.35,1,40.0
2015-03-10,4.55,4.55,4.55,4.55,1,49.0
2015-03-11,4.5,4.5,4.45,4.45,2,40.2
2015-03-12,4.35,4.35,4.2505,4.2505,3,96.2
2015-03-13,4.45,4.45,4.45,4.45,1,100.0
2015-03-16,4.85,4.85,4.25,4.5,9,158.6
2015-03-17,4.55,4.55,4.4,4.4,3,336.4
2015-03-18,4.48,4.48,4.45,4.45,3,1.8
2015-03-19,4.25,4.2,4.2,4.25,6,11.2
2015-03-20,4.4,4.3,4.3,4.4,8,84.2
2015-03-23,4.5,4.5,4.3,4.3,11,340.2
2015-03-24,4.48,4.48,4.1499999999999995,4.1499999999999995,2,40.2
2015-03-26,4.3,4.3,4.3,4.3,1,0.4
2015-03-27,4.4,4.4,4.4,4.4,1,0.6
2015-03-30,4.6495,4.6495,4.1499999999999995,4.1499999999999995,5,359.8
2015-04-06,4.699999999999999,4.699999999999999,4.699999999999999,4.699999999999999,3,150.0
2015-04-08,4.85,4.85,4.8,4.8,6,579.6
2015-04-09,5.0,5.0,4.85,4.85,4,92.0
2015-04-10,4.85,4.85,4.5,4.8004999999999995,13,376.4
2015-04-13,5.1,4.95,4.9430000000000005,5.1,5,120.0
2015-04-14,5.0,5.0,4.95,4.95,7,320.0
2015-04-15,5.2,5.1,4.9,4.9,8,1581.0
2015-04-17,4.65,4.5,4.5,4.65,2,618.8
2015-04-21,5.25,5.25,4.745,4.745,8,700.0
2015-04-23,5.0,5.0,5.0,5.0,1,20.0
2015-04-24,4.95,4.95,4.95,4.95,2,40.0
2015-04-27,4.95,4.915,4.8004999999999995,4.95,4,59.4
2015-04-28,5.949999999999999,5.949999999999999,5.0,5.0,19,2880.2
2015-04-29,5.6000000000000005,4.9975000000000005,4.9975000000000005,5.6000000000000005,13,725.6
2015-04-30,5.0,4.8,4.8,5.0,2,452.4
2015-05-01,5.45,5.15,4.998,5.45,45,2026.4
2015-05-04,5.25,5.0,4.9399999999999995,5.25,15,3021.8
2015-05-05,5.2,5.05,5.0,5.0,3,1184.8
2015-05-06,5.2,5.0,5.0,5.1,10,726.0
2015-05-07,5.25,5.0,5.0,5.2,5,101.0
2015-05-08,5.550000000000001,5.4,5.2,5.550000000000001,5,520.0
2015-05-11,5.1,5.1,5.1,5.1,1,1200.0
2015-05-12,5.45,5.25,5.15,5.45,17,2905.8
2015-05-13,5.4,5.4,5.4,5.4,1,20.0
2015-05-14,5.4,5.3500000000000005,5.3500000000000005,5.4,3,640.0
2015-05-15,5.25,5.2,5.2,5.25,2,28.0
2015-05-18,5.4,5.4,5.4,5.4,1,1801.4
2015-05-19,5.25,5.25,5.25,5.25,1,60.0
2015-05-20,5.45,5.45,5.300000000000001,5.45,7,609.4
2015-05-21,6.25,6.25,5.3500000000000005,5.3500000000000005,4,205.4
2015-05-22,16.25,7.55,6.75,6.75,2200,125956.4
2015-05-26,7.75,6.8500000000000005,6.3,7.5,263,32088.0
2015-05-27,6.75,6.25,6.125,6.75,45,5927.0
2015-05-28,6.550000000000001,6.35,6.2,6.2,16,1140.0
2015-05-29,6.7,6.15,6.0,6.7,23,1040.6
2015-06-01,6.25,5.4,5.25,6.25,115,3145.2
2015-06-02,5.5,5.5,5.300000000000001,5.300000000000001,8,673.0
2015-06-03,5.25,5.25,5.15,5.15,5,985.2
2015-06-04,5.4,5.4,5.4,5.4,1,100.0
2015-06-05,5.550000000000001,5.15,5.15,5.550000000000001,5,508.8
2015-06-08,5.699999999999999,5.6499999999999995,5.5,5.5,9,897.2
2015-06-09,5.6499999999999995,5.550000000000001,5.550000000000001,5.6499999999999995,7,1120.6
2015-06-10,6.550000000000001,6.3,5.699999999999999,5.699999999999999,87,5504.8
2015-06-11,9.15,7.45,6.35,6.35,317,18445.4
2015-06-12,7.9,7.0,6.8500000000000005,7.9,47,6399.4
2015-06-15,7.6,7.5,7.3,7.3,72,4990.2
2015-06-16,7.800000000000001,7.5,7.5,7.5,46,4703.4
2015-06-17,8.100000000000001,8.100000000000001,7.75,7.75,83,3344.6
2015-06-18,9.15,8.8,8.100000000000001,8.25,111,3741.2
2015-06-19,11.0,8.95,8.95,11.0,110,11663.2
2015-06-22,9.6,9.3,9.200000000000001,9.6,67,5407.6
2015-06-23,9.45,8.55,8.5,9.45,40,3229.6
2015-06-24,8.55,8.05,7.9,8.55,71,4007.6
2015-06-25,8.100000000000001,7.45,7.45,8.100000000000001,25,3712.2
2015-06-26,7.9,7.5,7.25,7.25,18,3953.4
2015-06-29,8.5,7.75,7.5,8.5,38,7523.2
2015-06-30,8.4,7.95,7.95,8.05,41,6302.6
2015-07-01,8.2,7.7,7.7,8.2,12,1452.8
2015-07-02,7.75,7.3,7.1499999999999995,7.75,36,2108.8
2015-07-06,7.25,7.199999999999999,6.75,7.25,23,3595.8
2015-07-07,7.45,7.45,7.05,7.1499999999999995,5,580.0
2015-07-08,7.4,6.949999999999999,6.949999999999999,7.199999999999999,17,1860.8
2015-07-09,7.4,7.4,6.75,6.75,16,952.2
2015-07-10,7.45,7.25,7.1499999999999995,7.45,9,1199.8
2015-07-13,7.25,7.25,7.25,7.25,2,103.8
2015-07-14,7.4,7.4,7.1499999999999995,7.199999999999999,3,163.0
2015-07-15,7.55,7.55,7.4,7.4,5,140.0
2015-07-16,7.7,7.7,7.55,7.55,5,81.6
2015-07-17,7.8500000000000005,7.8500000000000005,7.6,7.6,9,1078.2
2015-07-20,8.5,8.100000000000001,7.8500000000000005,7.8500000000000005,61,4604.6
2015-07-21,8.75,8.35,8.25,8.75,18,668.2
2015-07-22,9.0,8.7,8.55,8.55,66,4628.0
2015-07-23,8.85,8.75,8.75,8.85,13,2138.0
2015-07-24,8.75,8.5,8.4,8.75,45,2112.4
2015-07-27,8.2,7.7,6.75,8.2,30,3999.4
2015-07-28,7.800000000000001,7.7,7.35,7.75,26,1740.8
2015-07-29,8.0,7.8500000000000005,7.75,8.0,43,4131.6
2015-07-30,7.800000000000001,7.55,7.55,7.800000000000001,6,144.8
2015-07-31,7.4,7.1499999999999995,6.75,6.75,26,3458.8
2015-08-03,7.45,7.199999999999999,7.199999999999999,7.199999999999999,9,1769.2
2015-08-04,7.25,7.25,7.199999999999999,7.199999999999999,13,567.0
2015-08-05,7.5,7.3,7.3,7.4,10,627.6
2015-08-06,7.95,7.95,7.7,7.7,16,4415.8
2015-08-07,9.15,8.7,8.0,8.0,44,1642.6
2015-08-10,9.3,8.7,8.6,9.3,133,6403.8
2015-08-11,9.350000000000001,8.8,8.7,9.0,38,4317.6
2015-08-12,8.75,8.6,8.6,8.75,13,260.0
2015-08-13,8.9,8.55,8.55,8.9,11,272.0
2015-08-14,8.4,8.149999999999999,7.05,8.4,35,2645.2
2015-08-17,8.35,8.100000000000001,7.95,7.95,71,1662.6
2015-08-18,8.6,8.6,8.100000000000001,8.25,51,1076.6
2015-08-19,8.75,8.45,8.35,8.75,78,3388.2
2015-08-20,8.35,7.7,7.65,8.35,30,2577.8
2015-08-21,7.8500000000000005,7.8500000000000005,7.5,7.8500000000000005,12,1276.8
2015-08-24,7.65,7.199999999999999,7.0,7.35,17,3101.8
2015-08-25,7.75,7.3,7.05,7.4,97,5633.6
2015-08-26,7.65,7.45,7.4,7.4,14,639.0
2015-08-27,7.7,7.65,7.6,7.6,10,318.0
2015-08-28,8.2,7.9,7.65,7.65,30,2681.4
2015-08-31,7.800000000000001,7.65,7.35,7.65,17,747.8
2015-09-01,7.4,7.4,7.4,7.4,1,20.0
2015-09-02,7.3,7.3,7.05,7.3,24,3610.6
2015-09-03,7.3,7.1,7.1,7.3,4,128.2
2015-09-04,7.65,7.5,7.1,7.1,32,5582.8
2015-09-08,7.8500000000000005,7.5,7.5,7.65,72,1414.4
2015-09-09,7.75,7.5,7.5,7.65,9,133.4
2015-09-10,7.6,7.45,7.45,7.55,5,136.2
2015-09-11,7.5,7.5,7.5,7.5,2,19.0
2015-09-14,7.5,7.45,7.45,7.5,3,64.0
2015-09-15,7.5,7.3,7.1499999999999995,7.5,17,516.2
2015-09-16,7.5,7.5,7.3,7.3,26,1024.2
2015-09-17,7.55,7.55,7.45,7.45,3,52.8
2015-09-18,7.75,7.75,7.35,7.35,14,1635.4
2015-09-21,7.65,7.6,7.55,7.65,5,87.6
2015-09-23,7.5,7.3,7.3,7.45,3,39.0
2015-09-24,7.4,7.375,7.25,7.3,13,1827.4
2015-09-25,7.25,7.0,7.0,7.25,31,2580.0
2015-09-28,7.1,7.05,7.0,7.0,12,374.4
2015-09-29,7.199999999999999,7.05,7.0,7.199999999999999,12,2178.0
2015-09-30,7.1499999999999995,7.05,7.0,7.1499999999999995,4,70.6
2015-10-01,7.0,7.0,7.0,7.0,4,74.6
2015-10-02,7.1499999999999995,7.1,7.0,7.0,6,2648.4
2015-10-05,7.7,7.6,7.3,7.3,33,842.6
2015-10-06,7.7,7.7,7.7,7.7,2,45.0
2015-10-07,7.7,7.5,7.5,7.7,3,252.4
2015-10-08,7.55,7.5,7.5,7.55,3,77.4
2015-10-09,7.800000000000001,7.800000000000001,7.55,7.55,3,44.0
2015-10-12,8.149999999999999,8.149999999999999,7.9,8.0,19,1063.8
2015-10-13,8.2,8.2,8.0,8.0,2,3.4
2015-10-14,8.5,8.5,8.25,8.25,5,555.0
2015-10-15,8.45,8.45,8.45,8.45,1,100.0
2015-10-16,8.8,8.8,8.8,8.8,2,241.0
2015-10-19,8.75,8.75,8.75,8.75,4,102.6
2015-10-20,8.25,8.0,7.7,8.25,37,4393.0
2015-10-21,8.4,8.325,8.149999999999999,8.149999999999999,8,135.2
2015-10-22,8.75,8.6,8.425,8.55,15,957.4
2015-10-23,8.65,8.5,8.5,8.65,5,62.8
2015-10-26,8.7,8.4,8.35,8.4,42,796.0
2015-10-27,8.55,8.45,8.25,8.55,9,237.8
2015-10-28,8.75,8.7,8.55,8.55,14,258.4
2015-10-29,8.05,7.95,7.800000000000001,7.800000000000001,9,3044.8
2015-10-30,8.100000000000001,7.8500000000000005,7.8500000000000005,8.100000000000001,3,94.2
2015-11-02,8.299999999999999,7.8500000000000005,7.8500000000000005,8.0,12,251.6
2015-11-03,7.8500000000000005,7.7,7.7,7.8500000000000005,4,374.4
2015-11-04,8.2,8.0,8.0,8.2,4,80.0
2015-11-05,8.149999999999999,8.100000000000001,7.95,8.149999999999999,8,243.6
2015-11-09,7.95,7.65,7.5,7.95,9,2754.4
2015-11-10,7.8500000000000005,7.8500000000000005,7.55,7.55,4,68.0
2015-11-11,7.6,7.6,7.6,7.6,1,60.0
2015-11-12,7.75,7.75,7.7,7.7,2,100.0
2015-11-13,7.65,7.6,7.6,7.65,2,55.8
2015-11-16,7.800000000000001,7.7,7.65,7.800000000000001,6,284.2
2015-11-17,7.65,7.65,7.6,7.6,2,22.4
2015-11-18,7.65,7.5,7.5,7.65,5,199.0
2015-11-19,7.5,7.5,7.5,7.5,3,300.0
2015-11-20,7.5,7.5,7.5,7.5,1,400.0
2015-11-23,7.65,7.5,7.5,7.65,5,320.2
2015-11-24,7.65,7.55,7.55,7.55,6,80.4
2015-11-25,7.7,7.65,7.65,7.65,9,309.4
2015-11-27,7.7,7.7,7.7,7.7,1,1.4
2015-11-30,7.7,7.7,7.65,7.7,13,317.0
2015-12-01,7.8500000000000005,7.55,7.55,7.8500000000000005,36,2495.6
2015-12-02,7.9,7.65,7.55,7.55,20,1004.0
2015-12-03,7.6,7.6,7.6,7.6,2,66.0
2015-12-04,7.7,7.6,7.6,7.7,5,66.0
2015-12-07,7.95,7.3,7.25,7.75,77,4037.6
2015-12-08,7.800000000000001,7.75,7.4,7.4,68,2269.2
2015-12-09,8.05,7.95,7.75,7.8500000000000005,23,566.4
2015-12-10,8.0,7.9,7.75,8.0,45,1719.8
2015-12-11,7.800000000000001,7.3,7.3,7.65,69,956.0
2015-12-14,7.75,7.6,7.45,7.55,78,2062.4
2015-12-15,8.149999999999999,7.65,7.5,7.5,30,682.0
2015-12-16,8.0,7.55,7.4,7.6,70,2575.8
2015-12-17,7.9,7.4,7.1499999999999995,7.9,24,782.2
2015-12-18,7.35,6.8500000000000005,6.8500000000000005,7.199999999999999,29,7261.6
2015-12-21,7.05,7.0,7.0,7.05,3,50.8
2015-12-22,7.0,7.0,6.8999999999999995,6.949999999999999,23,1313.2
2015-12-23,7.05,6.8500000000000005,6.8500000000000005,6.8999999999999995,33,1033.0
2015-12-24,7.4,7.3,7.05,7.05,12,389.8
2015-12-28,7.25,6.8999999999999995,6.8999999999999995,7.25,14,697.4
2015-12-29,7.199999999999999,6.8500000000000005,6.8500000000000005,7.1,17,1049.6
2015-12-30,7.1,7.05,6.8500000000000005,6.8500000000000005,5,150.0
2015-12-31,7.1,7.05,7.05,7.1,5,71.6
2016-01-04,7.199999999999999,7.1,6.949999999999999,6.949999999999999,5,72.8
2016-01-05,7.25,7.1,7.05,7.1499999999999995,18,511.4
2016-01-06,7.1,7.1,7.1,7.1,6,148.0
2016-01-07,7.1,6.8999999999999995,6.8999999999999995,7.1,11,252.6
2016-01-08,7.0,7.0,7.0,7.0,1,21.4
2016-01-11,6.7,6.05,6.05,6.7,13,3877.0
2016-01-12,6.15,6.0,6.0,6.15,3,3.4
2016-01-13,5.8999999999999995,5.8999999999999995,5.8,5.8,4,224.8
2016-01-14,6.3,5.6000000000000005,5.5,5.550000000000001,25,1819.4
2016-01-15,6.15,6.15,5.85,5.85,10,878.8
2016-01-19,6.15,6.15,6.15,6.15,2,643.2
2016-01-20,6.8999999999999995,6.5,6.5,6.800000000000001,17,400.2
2016-01-21,6.75,6.75,6.65,6.65,9,47.8
2016-01-22,7.0,6.8500000000000005,6.6000000000000005,6.6000000000000005,21,503.8
2016-01-25,7.199999999999999,6.75,6.75,7.199999999999999,8,2127.4
2016-01-26,6.75,6.65,6.65,6.75,6,147.2
2016-01-27,6.6000000000000005,6.6000000000000005,6.6000000000000005,6.6000000000000005,2,50.0
2016-01-28,6.75,6.3,6.05,6.75,28,4216.0
2016-01-29,6.550000000000001,6.25,6.25,6.550000000000001,22,1501.8
2016-02-01,6.5,6.25,6.15,6.5,3,240.0
2016-02-02,6.3,6.05,6.05,6.3,3,17.6
2016-02-03,6.15,6.15,5.8999999999999995,5.8999999999999995,2,40.0
2016-02-04,6.15,6.15,6.15,6.15,7,260.0
2016-02-05,6.4,6.4,6.0,6.0,12,296.2
2016-02-08,6.0,5.949999999999999,5.949999999999999,6.0,2,20.2
2016-02-09,5.949999999999999,5.949999999999999,5.949999999999999,5.949999999999999,1,4.2
2016-02-10,5.949999999999999,5.949999999999999,5.6499999999999995,5.6499999999999995,9,265.6
2016-02-11,6.2,6.05,5.8999999999999995,6.2,22,2951.4
2016-02-12,6.25,6.2,6.05,6.25,28,600.0
2016-02-16,6.8999999999999995,6.4,6.4,6.550000000000001,12,812.8
2016-02-17,6.25,6.25,6.2,6.2,2,236.4
2016-02-18,6.25,6.05,5.8999999999999995,6.25,30,2724.6
2016-02-19,5.85,5.85,5.75,5.75,2,16.6
2016-02-22,5.75,5.699999999999999,5.699999999999999,5.75,17,2374.6
2016-02-25,6.05,6.05,6.05,6.05,1,12.6
2016-02-26,6.2,6.2,6.2,6.2,1,9.0
2016-02-29,5.75,5.75,5.75,5.75,1,88.4
2016-03-01,5.75,5.75,5.699999999999999,5.699999999999999,3,241.8
2016-03-02,5.949999999999999,5.85,5.85,5.949999999999999,3,3.8
2016-03-03,6.15,5.75,5.699999999999999,5.699999999999999,15,1535.0
2016-03-04,5.8999999999999995,5.75,5.75,5.8,3,81.4
2016-03-07,6.05,5.8,5.8,6.05,20,2866.0
2016-03-08,5.8999999999999995,5.8999999999999995,5.75,5.75,8,200.0
2016-03-09,6.05,6.0,5.949999999999999,5.949999999999999,13,280.0
2016-03-10,6.05,5.8999999999999995,5.8999999999999995,5.949999999999999,20,456.6
2016-03-11,6.05,6.0,6.0,6.05,6,81.6
2016-03-14,6.05,6.0,6.0,6.05,7,315.2
2016-03-15,5.949999999999999,5.949999999999999,5.8999999999999995,5.949999999999999,37,2028.2
2016-03-16,5.75,5.699999999999999,5.699999999999999,5.75,10,940.2
2016-03-17,5.75,5.75,5.75,5.75,4,68.4
2016-03-18,5.75,5.699999999999999,5.6499999999999995,5.6499999999999995,3,64.0
2016-03-21,5.699999999999999,5.6499999999999995,5.6499999999999995,5.699999999999999,6,107.8
2016-03-22,5.75,5.699999999999999,5.550000000000001,5.550000000000001,6,301.2
2016-03-23,6.2,5.8999999999999995,5.75,5.75,54,5141.8
2016-03-24,5.85,5.85,5.85,5.85,1,0.2
2016-03-28,6.15,6.0,6.0,6.0,17,897.6
2016-03-29,6.15,5.949999999999999,5.949999999999999,6.0,12,807.0
2016-03-30,6.0,6.0,6.0,6.0,1,20.0
2016-03-31,6.15,6.05,6.05,6.15,4,1051.6
2016-04-01,6.15,6.0,6.0,6.15,7,489.4
2016-04-04,6.2,5.949999999999999,5.8999999999999995,6.2,8,140.6
2016-04-05,6.3,6.15,6.0,6.05,38,1099.0
2016-04-06,6.15,6.15,6.1,6.1,3,30.6
2016-04-07,6.05,6.05,6.05,6.05,1,14.8
2016-04-08,6.5,6.45,6.35,6.5,23,1734.4
2016-04-11,6.550000000000001,6.5,6.45,6.5,12,600.0
2016-04-12,6.5,6.5,6.25,6.25,2,20.2
2016-04-13,6.5,6.5,6.45,6.45,8,1380.0
2016-04-14,6.6000000000000005,6.6000000000000005,6.6000000000000005,6.6000000000000005,1,20.0
2016-04-15,7.25,7.05,6.25,6.45,40,4221.2
2016-04-18,7.75,7.3,6.800000000000001,7.5,77,4692.4
2016-04-19,8.25,7.9,7.7,7.7,45,3526.2
2016-04-20,8.2,7.6,7.6,8.0,18,695.6
2016-04-21,8.100000000000001,7.95,7.75,7.75,13,637.6
2016-04-22,8.25,8.2,7.9,8.25,11,1572.4
2016-04-25,8.45,8.45,8.2,8.25,20,871.0
2016-04-26,8.45,8.35,8.299999999999999,8.45,10,646.0
2016-04-27,8.4,8.4,8.299999999999999,8.299999999999999,2,59.0
2016-04-28,8.45,8.45,8.299999999999999,8.4,7,341.0
2016-04-29,10.0,10.0,8.35,8.5,60,5996.0
2016-05-02,12.7,11.25,8.55,8.65,158,7232.8
2016-05-03,12.350000000000001,9.6,9.5,11.45,140,7125.4
2016-05-04,9.95,9.549999999999999,9.5,9.6,12,373.8
2016-05-05,9.8,9.45,9.3,9.8,10,696.6
2016-05-06,10.0,9.549999999999999,9.5,10.0,9,4114.0
2016-05-09,9.65,9.6,9.5,9.65,10,1175.8
2016-05-10,9.6,9.6,9.6,9.6,1,20.0
2016-05-11,9.75,9.549999999999999,9.549999999999999,9.75,3,20.6
2016-05-12,9.85,9.5,9.5,9.65,27,852.6
2016-05-13,9.75,9.399999999999999,9.399999999999999,9.75,5,261.0
2016-05-16,9.75,9.549999999999999,9.549999999999999,9.75,9,1363.2
2016-05-17,9.5,9.5,9.3,9.45,3,123.8
2016-05-18,9.6,9.6,9.6,9.6,1,30.0
2016-05-19,9.65,9.549999999999999,9.200000000000001,9.65,31,1444.0
2016-05-20,9.65,9.350000000000001,9.350000000000001,9.65,3,141.4
2016-05-23,9.45,9.350000000000001,8.85,9.45,60,1732.6
2016-05-24,9.350000000000001,9.3,9.25,9.25,12,262.6
2016-05-25,9.350000000000001,9.3,9.3,9.350000000000001,4,161.8
2016-05-26,9.25,9.25,9.25,9.25,1,60.0
2016-05-27,9.3,8.95,8.95,9.3,6,179.6
2016-05-31,9.3,9.05,9.0,9.0,4,89.4
2016-06-01,9.200000000000001,8.8,8.8,9.15,14,366.0
2016-06-02,9.25,9.05,9.0,9.0,26,600.4
2016-06-03,9.05,9.05,9.05,9.05,1,1.0
2016-06-06,9.1,8.9,8.85,9.1,7,124.0
2016-06-07,9.0,8.85,8.85,9.0,3,25.6
2016-06-08,8.95,8.8,8.75,8.95,5,295.4
2016-06-09,8.85,8.7,8.7,8.85,3,70.4
2016-06-10,8.85,8.75,8.55,8.55,6,151.8
2016-06-13,8.85,8.55,8.55,8.85,9,139.4
2016-06-14,8.4,8.2,8.0,8.4,14,4119.2
2016-06-15,8.149999999999999,8.05,8.0,8.05,9,720.6
2016-06-16,8.0,7.6,7.6,8.0,5,65.0
2016-06-17,7.55,7.5,7.5,7.55,3,4382.6
2016-06-20,7.800000000000001,7.75,7.55,7.55,4,852.2
2016-06-21,8.05,8.0,7.9,7.9,11,258.0
2016-06-22,7.95,7.8500000000000005,7.8500000000000005,7.95,9,544.2
2016-06-23,8.100000000000001,7.9,7.9,8.100000000000001,16,419.8
2016-06-24,8.45,7.8500000000000005,7.75,7.75,55,3277.2
2016-06-27,8.0,7.55,7.55,7.75,17,1981.6
2016-06-28,8.2,7.65,7.65,8.2,12,551.8
2016-06-29,8.149999999999999,8.0,7.75,7.75,13,248.6
2016-06-30,7.95,7.6,7.6,7.95,12,219.2
2016-07-01,8.149999999999999,8.149999999999999,7.199999999999999,7.5,36,1562.6
2016-07-05,8.100000000000001,7.9,7.75,7.8500000000000005,12,447.2
2016-07-06,8.149999999999999,7.75,7.75,8.149999999999999,4,62.6
2016-07-07,8.0,7.9,7.7,7.7,5,63.8
2016-07-08,8.100000000000001,8.100000000000001,8.100000000000001,8.100000000000001,1,3.2
2016-07-11,8.149999999999999,8.0,8.0,8.149999999999999,14,1825.6
2016-07-12,8.45,8.100000000000001,8.0,8.0,36,2478.2
2016-07-13,8.225,8.0,8.0,8.149999999999999,11,560.0
2016-07-14,8.5,8.5,8.45,8.45,4,11.6
2016-07-15,8.25,8.2,8.2,8.25,4,200.2
2016-07-18,8.2,8.2,7.55,8.100000000000001,32,4788.6
2016-07-19,8.6,8.299999999999999,8.05,8.100000000000001,35,1937.4
2016-07-20,8.25,8.149999999999999,8.05,8.25,18,582.8
2016-07-21,10.25,8.45,7.6,8.2,246,17686.8
2016-07-22,8.5,8.5,8.149999999999999,8.35,209,6711.2
2016-07-25,8.65,8.45,8.4,8.45,63,3074.2
2016-07-26,8.6,8.45,8.4,8.5,56,1656.4
2016-07-27,8.5,8.35,8.299999999999999,8.4,133,9442.6
2016-07-28,8.4,8.35,8.299999999999999,8.4,11,315.6
2016-07-29,8.4,8.0,8.0,8.2,12,2049.0
2016-08-01,8.25,8.0,8.0,8.25,19,1743.0
2016-08-02,8.4,8.299999999999999,7.95,8.05,33,1245.6
2016-08-03,8.149999999999999,8.149999999999999,8.05,8.05,6,215.4
2016-08-04,8.299999999999999,8.25,8.100000000000001,8.100000000000001,6,142.4
2016-08-05,8.35,8.100000000000001,8.100000000000001,8.25,9,920.2
2016-08-08,8.4,8.2,8.2,8.25,23,611.0
2016-08-09,8.4,8.149999999999999,8.0,8.25,52,5961.0
2016-08-10,8.100000000000001,8.05,8.0,8.100000000000001,6,1946.4
2016-08-11,8.25,8.25,7.8500000000000005,8.149999999999999,30,4426.4
2016-08-12,8.2,8.2,8.2,8.2,4,80.0
2016-08-15,8.25,7.9,7.8500000000000005,8.149999999999999,26,534.0
2016-08-16,8.2,7.95,7.95,8.05,3,162.0
2016-08-17,8.2,8.2,7.8500000000000005,8.0,9,245.6
2016-08-18,8.2,7.95,7.95,8.2,10,1315.6
2016-08-19,8.100000000000001,7.8500000000000005,7.8500000000000005,8.05,14,982.2
2016-08-22,7.9,7.8500000000000005,7.8500000000000005,7.9,4,204.0
2016-08-23,8.2,7.95,7.8500000000000005,7.8500000000000005,4,1140.4
2016-08-24,8.25,8.149999999999999,8.149999999999999,8.25,24,526.2
2016-08-25,8.25,8.149999999999999,8.149999999999999,8.2,87,1739.8
2016-08-26,8.25,8.149999999999999,8.149999999999999,8.25,37,2872.6
2016-08-29,8.25,8.25,8.2,8.2,3,82.0
2016-08-30,8.25,8.149999999999999,8.149999999999999,8.25,12,356.6
2016-08-31,8.25,8.2,8.2,8.25,25,932.0
2016-09-01,8.2,8.05,8.05,8.2,5,77.2
2016-09-02,8.2,8.05,8.05,8.2,11,159.0
2016-09-06,8.25,8.100000000000001,8.0,8.0,32,369.8
2016-09-07,8.25,8.100000000000001,8.100000000000001,8.25,19,803.8
2016-09-08,8.25,8.149999999999999,8.149999999999999,8.2,13,151.2
2016-09-09,8.25,8.100000000000001,8.100000000000001,8.2,9,95.0
2016-09-12,8.25,8.05,8.05,8.25,14,873.6
2016-09-13,8.25,8.100000000000001,8.100000000000001,8.25,25,820.0
2016-09-14,8.25,8.100000000000001,8.100000000000001,8.149999999999999,17,457.6
2016-09-15,8.149999999999999,8.149999999999999,8.05,8.05,11,139.0
2016-09-16,8.25,8.05,8.05,8.2,9,1787.6
2016-09-19,8.2,8.2,8.100000000000001,8.100000000000001,4,59.6
2016-09-20,8.25,8.2,8.175,8.2,20,1440.4
2016-09-21,8.25,8.100000000000001,8.100000000000001,8.149999999999999,14,278.4
2016-09-22,8.25,8.100000000000001,8.100000000000001,8.2,19,877.4
2016-09-23,8.25,8.25,8.05,8.05,5,90.0
2016-09-26,8.2,8.2,8.149999999999999,8.2,7,1670.8
2016-09-27,8.2,7.800000000000001,7.800000000000001,8.149999999999999,8,241.0
2016-09-28,8.2,7.9,7.9,8.2,7,211.2
2016-09-29,8.2,8.100000000000001,7.95,7.95,17,522.2
2016-09-30,8.149999999999999,8.100000000000001,8.100000000000001,8.149999999999999,6,370.8
2016-10-03,8.2,8.100000000000001,8.100000000000001,8.2,30,1493.0
2016-10-04,8.2,8.149999999999999,8.149999999999999,8.2,5,80.2
2016-10-05,8.2,8.100000000000001,8.100000000000001,8.2,13,800.6
2016-10-06,8.25,8.2,8.149999999999999,8.25,29,1782.4
2016-10-07,8.2,8.149999999999999,8.149999999999999,8.2,25,2517.2
2016-10-10,8.149999999999999,8.149999999999999,8.100000000000001,8.100000000000001,4,96.0
2016-10-11,8.2,8.2,8.2,8.2,4,63.8
2016-10-12,8.2,8.100000000000001,8.100000000000001,8.2,5,128.2
2016-10-13,8.2,8.05,8.05,8.149999999999999,6,416.2
2016-10-14,8.2,8.2,8.100000000000001,8.100000000000001,5,204.0
2016-10-17,8.100000000000001,8.100000000000001,8.100000000000001,8.100000000000001,5,84.2
2016-10-18,8.2,8.2,8.2,8.2,20,549.4
2016-10-19,8.2,8.2,8.2,8.2,6,100.2
2016-10-20,8.2,8.05,8.05,8.2,5,167.2
2016-10-21,8.2,8.2,8.2,8.2,9,182.0
2016-10-24,8.2,8.2,8.149999999999999,8.149999999999999,37,1949.0
2016-10-25,8.2,8.05,8.05,8.149999999999999,23,446.8
2016-10-26,8.2,8.2,8.100000000000001,8.100000000000001,11,162.0
2016-10-27,8.9,8.45,8.2,8.2,98,11216.0
2016-10-28,8.7,8.7,8.5,8.5,37,920.0
2016-10-31,9.5,9.25,8.75,8.75,27,731.0
2016-11-01,9.3,8.45,8.4,9.3,46,2930.0
2016-11-02,9.200000000000001,9.1,8.4,8.5,18,446.2
2016-11-03,9.549999999999999,9.15,9.15,9.549999999999999,5,151.8
2016-11-04,9.200000000000001,9.0,9.0,9.15,28,540.4
2016-11-07,9.200000000000001,9.15,9.0,9.0,39,846.8
2016-11-08,9.200000000000001,9.1,8.75,9.1,77,2470.8
2016-11-09,9.200000000000001,9.200000000000001,9.15,9.15,24,2920.6
2016-11-10,9.200000000000001,9.15,9.15,9.200000000000001,24,453.6
2016-11-11,9.7,9.399999999999999,9.1,9.200000000000001,111,2862.8
2016-11-14,9.9,9.8,9.200000000000001,9.25,48,1429.2
2016-11-15,11.35,10.549999999999999,9.75,9.75,42,2053.8
2016-11-16,11.7,11.125,10.2,11.0,38,1404.6
2016-11-17,11.200000000000001,11.0,10.9,11.200000000000001,20,511.0
2016-11-18,11.35,11.200000000000001,10.95,10.95,18,690.0
2016-11-21,11.15,11.0,10.25,10.25,16,4610.8
2016-11-22,11.25,11.100000000000001,11.0,11.05,17,420.8
2016-11-23,11.65,11.15,10.5,11.05,18,412.0
2016-11-25,11.55,11.45,11.45,11.55,2,47.4
2016-11-28,12.549999999999999,12.1,11.65,11.65,47,1705.8
2016-11-29,13.75,12.5,11.5,11.5,50,3946.2
2016-11-30,12.75,12.5,12.25,12.4,13,596.6
2016-12-01,12.95,12.5,12.5,12.95,12,1195.4
2016-12-02,13.25,12.350000000000001,11.850000000000001,12.4,126,5237.0
2016-12-05,12.25,10.700000000000001,10.149999999999999,12.25,61,1749.8
2016-12-06,11.35,11.25,10.85,10.85,6,869.4
2016-12-07,11.75,11.75,10.35,11.25,42,1344.2
2016-12-08,12.15,11.799999999999999,11.5,11.7,17,672.6
2016-12-09,12.450000000000001,12.450000000000001,11.899999999999999,11.899999999999999,17,1236.6
2016-12-12,12.7,12.7,12.4,12.4,13,358.4
2016-12-13,12.9,12.9,12.75,12.75,17,1283.6
2016-12-14,12.8,12.549999999999999,12.0,12.8,26,1201.2
2016-12-15,13.0,12.85,12.549999999999999,12.549999999999999,21,938.8
2016-12-16,13.0,13.0,12.85,12.9,10,187.6
2016-12-19,12.72,11.25,10.51,12.72,228,42304.0
2016-12-20,11.96,11.49,11.22,11.22,83,11034.0
2016-12-21,11.49,11.49,11.22,11.48,16,1501.0
2016-12-22,11.77,11.45,11.42,11.62,35,3151.0
2016-12-23,11.84,11.84,11.45,11.45,2,79.0
2016-12-27,11.98,11.66,11.47,11.47,16,1303.0
2016-12-28,13.07,11.95,11.56,12.77,73,24237.0
2016-12-29,12.0,11.55,11.55,12.0,75,1881.0
2016-12-30,12.32,12.32,11.55,11.55,32,3947.0
2017-01-03,12.48,12.42,12.42,12.48,8,1191.0
2017-01-04,11.96,11.86,11.86,11.96,3,312.0
2017-01-06,11.82,11.6,11.6,11.82,3,319.0
2017-01-09,12.44,12.14,11.91,11.91,14,1551.0
2017-01-10,12.23,12.18,12.18,12.23,7,604.0
2017-01-11,12.35,12.32,12.1,12.11,52,1035.0
2017-01-12,12.26,12.26,12.2,12.2,6,452.0
2017-01-13,12.65,12.58,12.25,12.25,27,967.0
2017-01-17,12.75,12.74,12.73,12.74,28,2466.0
2017-01-18,12.75,12.65,12.59,12.75,11,749.0
2017-01-19,12.75,12.75,12.7,12.7,65,680.0
2017-01-20,12.75,12.17,12.17,12.75,5,624.0
2017-01-23,12.75,12.75,12.28,12.28,28,1017.0
2017-01-24,12.74,12.74,12.5,12.62,6,333.0
2017-01-25,12.5,12.5,12.5,12.5,1,104.0
2017-01-27,12.63,12.63,12.42,12.42,3,168.0
2017-01-30,12.2,11.02,11.0,12.2,104,24235.0
2017-01-31,11.15,11.02,11.0,11.0,50,8690.0
2017-02-01,11.06,11.06,11.0,11.0,19,2961.0
2017-02-02,11.15,11.15,11.0,11.0,6,775.0
2017-02-03,11.17,11.02,11.02,11.08,32,3885.0
2017-02-06,11.09,11.08,11.08,11.09,2,101.0
2017-02-07,10.81,10.5,10.5,10.81,11,2364.0
2017-02-08,10.48,9.4,9.4,10.48,99,12083.0
2017-02-09,10.45,10.33,9.4,9.4,47,9454.0
2017-02-10,10.15,10.15,10.05,10.05,8,630.0
2017-02-13,10.3,10.03,10.03,10.3,6,427.0
2017-02-14,10.4,10.03,10.02,10.4,7,438.0
2017-02-15,10.35,10.35,10.25,10.25,6,401.0
2017-02-16,10.45,9.75,9.64,10.24,62,8806.0
2017-02-17,9.94,9.94,9.54,9.54,35,3289.0
2017-02-21,10.32,9.88,9.6,9.65,52,4552.0
2017-02-22,9.81,9.4,9.4,9.81,23,2106.0
2017-02-23,9.51,9.4,9.4,9.4,52,1396.0
2017-02-24,9.48,9.48,9.4,9.4,15,3113.0
2017-02-27,9.68,9.68,9.68,9.68,1,144.0
2017-02-28,9.49,9.45,9.41,9.44,14,1467.0
2017-03-01,9.5,9.45,9.45,9.5,15,1537.0
2017-03-02,9.47,9.45,9.45,9.47,6,1087.0
2017-03-03,9.45,9.43,9.4,9.42,9,2158.0
2017-03-06,9.45,9.45,9.4,9.4,3,122.0
2017-03-07,9.42,9.42,9.42,9.42,1,76.0
2017-03-08,9.67,9.67,9.67,9.67,1,1.0
2017-03-10,9.14,9.14,9.13,9.13,4,139.0
2017-03-13,9.5,9.15,9.15,9.16,16,2601.0
2017-03-14,9.36,9.15,9.15,9.15,12,1800.0
2017-03-15,9.15,9.15,9.15,9.15,1,210.0
2017-03-16,9.25,9.25,9.25,9.25,4,540.0
2017-03-17,9.29,9.29,9.29,9.29,1,132.0
2017-03-20,9.49,9.49,9.29,9.29,6,734.0
2017-03-21,9.56,9.44,9.44,9.56,4,282.0
2017-03-22,9.45,9.45,9.45,9.45,1,17.0
2017-03-27,9.81,9.81,9.42,9.42,3,160.0
2017-03-28,9.53,9.38,9.38,9.53,2,87.0
2017-03-29,9.38,9.38,9.37,9.37,4,145.0
2017-03-30,9.86,9.86,9.86,9.86,1,40.0
2017-03-31,9.61,9.39,9.39,9.61,2,70.0
2017-04-03,9.39,9.37,9.37,9.39,5,1970.0
2017-04-04,9.37,9.37,9.37,9.37,1,62.0
2017-04-05,9.39,9.39,9.39,9.39,1,27.0
2017-04-07,9.77,9.76,9.76,9.77,2,38.0
2017-04-11,9.4,9.25,9.25,9.4,4,1700.0
2017-04-13,9.49,9.49,9.28,9.28,7,479.0
2017-04-17,9.29,9.28,9.28,9.28,3,846.0
2017-04-18,9.3,9.3,9.26,9.28,6,1260.0
2017-04-19,9.26,9.26,9.26,9.26,2,1049.0
2017-04-20,9.26,9.14,9.14,9.26,11,1844.0
2017-04-21,9.17,8.73,8.53,9.17,24,4237.0
2017-04-24,9.73,9.73,9.02,9.05,31,8050.0
2017-04-25,10.1,10.1,9.75,9.75,10,1092.0
2017-04-26,10.26,10.26,10.05,10.05,17,1454.0
2017-04-27,10.06,10.05,10.05,10.06,4,149.0
2017-04-28,10.21,10.21,10.08,10.08,2,67.0
2017-05-01,10.4,10.06,10.06,10.4,3,95.0
2017-05-03,10.07,10.07,10.07,10.07,1,1.0
2017-05-04,10.28,10.28,10.28,10.28,1,3.0
2017-05-05,10.14,10.14,10.14,10.14,1,6.0
2017-05-08,10.14,10.06,10.06,10.14,5,586.0
2017-05-09,10.06,9.55,9.55,10.06,8,335.0
2017-05-10,9.93,9.55,9.55,9.93,3,521.0
2017-05-11,10.17,9.94,9.94,10.17,13,861.0
2017-05-12,10.29,10.27,10.19,10.19,5,810.0
2017-05-15,10.28,9.87,9.87,10.28,2,2.0
2017-05-16,9.91,9.91,9.91,9.91,1,400.0
2017-05-17,10.03,10.03,9.78,9.81,7,252.0
2017-05-18,10.1,10.1,10.1,10.1,1,17.0
2017-05-19,10.22,10.22,10.22,10.22,1,400.0
2017-05-23,9.77,9.76,9.76,9.77,7,377.0
2017-05-24,10.0,10.0,9.9,9.9,16,1503.0
2017-05-30,9.9,9.75,9.75,9.9,5,700.0
2017-05-31,10.04,9.97,9.97,10.04,6,773.0
2017-06-01,10.24,9.95,9.95,9.95,8,886.0
2017-06-02,10.46,10.0,10.0,10.46,2,14.0
2017-06-05,10.16,10.16,10.16,10.16,1,2.0
2017-06-06,9.95,9.95,9.83,9.83,8,428.0
2017-06-07,10.23,9.99,9.96,10.23,3,119.0
2017-06-08,10.45,10.45,10.45,10.45,1,1500.0
2017-06-09,10.27,10.27,10.08,10.08,6,1897.0
2017-06-12,10.19,10.0,10.0,10.19,9,462.0
2017-06-13,10.25,10.01,10.01,10.25,3,6.0
2017-06-14,10.01,10.01,10.01,10.01,5,19.0
2017-06-15,10.21,10.01,10.01,10.21,8,22.0
2017-06-16,10.01,10.0,10.0,10.01,9,1035.0
2017-06-19,10.01,10.01,9.98,9.99,5,303.0
2017-06-20,10.01,10.01,9.84,9.84,4,301.0
2017-06-23,10.01,10.01,10.01,10.01,3,472.0
2017-06-26,10.02,9.99,9.99,10.01,6,370.0
2017-06-27,9.99,9.98,9.96,9.96,6,436.0
2017-06-28,10.27,10.03,10.02,10.02,8,955.0
2017-06-29,10.25,10.0,10.0,10.25,3,120.0
2017-06-30,10.27,10.27,10.01,10.01,2,14.0
2017-07-03,10.01,10.01,10.01,10.01,3,205.0
2017-07-05,9.99,9.99,9.98,9.98,3,361.0
2017-07-06,10.02,10.02,9.99,9.99,3,178.0
2017-07-07,10.45,10.27,10.05,10.45,6,1075.0
2017-07-10,,,,,1,86.0
2017-07-11,10.06,10.06,10.04,10.04,4,121.0
2017-07-12,10.17,10.11,10.11,10.17,3,138.0
2017-07-13,10.14,10.09,10.06,10.06,4,359.0
2017-07-14,10.13,10.13,10.13,10.13,2,73.0
2017-07-17,10.4,10.4,10.4,10.4,1,100.0
2017-07-18,10.31,10.31,10.31,10.31,1,2.0
2017-07-19,10.3,10.3,10.3,10.3,6,260.0
2017-07-20,10.42,10.42,10.38,10.41,6,275.0
2017-07-21,10.5,10.5,10.5,10.5,2,108.0
2017-07-24,10.5,10.31,10.31,10.5,5,590.0
2017-07-25,10.54,10.51,10.4,10.4,7,836.0
2017-07-27,10.66,10.65,10.64,10.64,4,631.0
2017-07-28,10.8,10.8,10.73,10.73,2,274.0
2017-07-31,11.12,11.12,10.81,10.82,19,3022.0
2017-08-01,11.87,11.81,11.73,11.87,11,900.0
2017-08-02,11.3,11.25,11.25,11.3,2,532.0
2017-08-03,11.74,11.65,11.3,11.3,12,941.0
2017-08-04,12.0,12.0,11.78,11.78,2,10.0
2017-08-07,11.81,11.22,11.22,11.76,12,4755.0
2017-08-08,11.5,10.71,10.71,11.5,4,508.0
2017-08-09,11.35,10.8,10.8,11.35,4,566.0
2017-08-10,11.46,11.46,11.46,11.46,1,1.0
2017-08-11,11.5,11.5,11.23,11.47,34,3489.0
2017-08-14,10.95,10.95,10.95,10.95,1,1.0
2017-08-15,10.95,10.91,10.91,10.95,2,15.0
2017-08-16,11.24,11.24,11.14,11.14,3,3.0
2017-08-18,11.0,11.0,10.95,10.95,7,517.0
2017-08-21,10.94,10.9,10.75,10.94,26,22021.0
2017-08-22,10.98,10.98,10.73,10.73,29,5301.0
2017-08-23,10.8,10.8,10.8,10.8,1,2.0
2017-08-24,10.92,10.92,10.87,10.87,7,719.0
2017-08-25,11.02,11.02,11.0,11.0,9,723.0
2017-08-28,11.03,10.95,10.95,11.03,4,314.0
2017-08-29,11.01,11.01,10.9,10.9,18,3925.0
2017-08-30,11.67,11.67,10.82,10.82,3,186.0
2017-08-31,11.74,11.11,11.11,11.74,5,403.0
2017-09-01,11.46,11.46,11.11,11.11,13,1192.0
2017-09-05,11.5,11.5,11.46,11.46,14,555.0
2017-09-06,11.75,11.5,11.5,11.5,9,488.0
2017-09-07,11.5,11.5,11.5,11.5,1,2.0
2017-09-08,11.51,11.5,11.5,11.5,20,3206.0
2017-09-11,11.75,11.625,11.625,11.75,5,184.0
2017-09-12,11.6,11.6,11.49,11.49,14,264.0
2017-09-13,11.75,11.5,11.5,11.75,5,35.0
2017-09-14,11.5,11.5,11.5,11.5,1,37.0
2017-09-15,11.87,11.45,11.45,11.75,3,1862.0
2017-09-18,11.45,11.45,11.45,11.45,2,95.0
2017-09-19,11.7,11.45,11.45,11.45,5,129.0
2017-09-22,11.79,11.79,11.79,11.79,1,77.0
2017-09-25,11.6,11.11,11.11,11.6,11,2513.0
2017-09-26,11.27,10.65,10.65,11.27,2,3.0
2017-09-27,11.4,11.4,11.4,11.4,4,610.0
2017-09-28,11.41,11.41,11.4,11.4,3,17.0
2017-09-29,11.41,11.41,11.41,11.41,1,28.0
2017-10-02,11.56,11.55,11.55,11.56,2,12.0
2017-10-03,11.52,11.42,11.42,11.52,2,157.0
2017-10-04,11.51,11.51,11.51,11.51,1,26.0
2017-10-05,12.66,11.52,11.52,12.66,4,192.0
2017-10-06,11.5,11.5,11.48,11.48,2,201.0
2017-10-09,11.63,11.63,11.59,11.59,2,170.0
2017-10-10,11.46,11.46,11.46,11.46,1,14.0
2017-10-11,11.51,11.51,11.51,11.51,2,44.0
2017-10-12,11.8,11.45,11.45,11.59,3,331.0
2017-10-13,11.75,11.75,11.47,11.47,3,75.0
2017-10-16,12.95,12.95,12.89,12.93,7,900.0
2017-10-17,12.8,12.31,12.31,12.8,6,341.0
2017-10-18,12.29,12.0,12.0,12.29,3,106.0
2017-10-19,12.5,12.27,12.0,12.0,7,919.0
2017-10-20,12.73,12.73,12.73,12.73,1,7.0
2017-10-24,12.1,12.1,12.1,12.1,1,601.0
2017-10-25,12.69,12.69,12.69,12.69,1,19.0
2017-10-26,12.47,12.47,12.21,12.21,10,582.0
2017-10-27,12.61,12.61,12.22,12.22,6,329.0
2017-10-30,12.7,12.5,12.5,12.6,4,387.0
2017-10-31,13.0,12.52,12.45,13.0,5,624.0
2017-11-01,12.7,12.7,12.5,12.5,3,119.0
2017-11-02,12.55,12.55,12.51,12.51,8,888.0
2017-11-03,13.4,13.15,12.99,13.0,10,565.0
2017-11-06,13.17,12.95,12.95,13.17,5,234.0
2017-11-07,12.97,12.96,12.96,12.97,2,4.0
2017-11-08,13.4,12.99,12.99,13.4,5,647.0
2017-11-10,13.3,13.25,13.25,13.3,4,122.0
2017-11-13,13.41,13.41,13.41,13.41,5,560.0
2017-11-14,13.5,13.5,13.25,13.45,8,688.0
2017-11-15,14.03,14.03,13.26,13.26,10,2176.0
2017-11-16,14.83,14.83,13.99,13.99,7,263.0
2017-11-17,14.79,14.62,14.62,14.79,3,63.0
2017-11-20,14.41,14.21,14.21,14.41,2,200.0
2017-11-21,14.24,14.1,14.0,14.24,15,941.0
2017-11-22,14.44,14.11,14.11,14.44,6,413.0
2017-11-24,14.24,14.16,14.16,14.24,4,372.0
2017-11-27,14.5,14.18,14.15,14.18,19,1680.0
2017-11-28,14.68,14.68,14.32,14.32,4,58.0
2017-11-29,14.62,14.49,14.49,14.62,4,142.0
2017-11-30,14.69,14.59,14.59,14.69,9,293.0
2017-12-01,14.5,14.3,14.3,14.5,5,881.0
2017-12-04,14.5,14.4,14.2,14.5,19,1956.0
2017-12-05,14.29,14.29,14.15,14.16,5,635.0
2017-12-06,14.27,14.15,14.15,14.27,5,2216.0
2017-12-08,14.5,14.5,14.5,14.5,1,17.0
2017-12-11,14.25,14.15,14.15,14.25,8,446.0
2017-12-12,14.17,14.17,14.17,14.17,1,15.0
2017-12-13,14.15,14.15,14.15,14.15,13,1530.0
2017-12-14,14.3,14.3,14.3,14.3,1,3.0
2017-12-15,14.35,14.35,14.15,14.15,6,343.0
2017-12-18,15.93,15.93,14.35,14.35,42,6251.0
2017-12-19,15.45,14.65,14.64,15.34,32,2711.0
2017-12-20,15.0,14.84,14.75,14.965,23,1746.0
2017-12-21,15.01,14.885,14.885,15.01,4,326.0
2017-12-22,15.15,14.81,14.76,14.8,29,2923.0
2017-12-26,14.8,14.8,14.78,14.8,41,3396.0
2017-12-27,15.15,15.0,14.8,15.15,14,2374.0
2017-12-28,14.9,14.3,14.3,14.9,30,3111.0
2017-12-29,14.42,14.4,14.25,14.42,20,1666.0
2018-01-02,14.35,13.95,13.95,14.35,4,1787.0
2018-01-03,13.95,13.8,13.75,13.95,35,3417.0
2018-01-04,13.8,13.7,13.61,13.8,38,4870.0
2018-01-05,13.765,13.51,13.5,13.75,25,2211.0
2018-01-08,13.71,13.525,13.51,13.71,30,4883.0
2018-01-09,13.77,13.64,13.5,13.77,21,3138.0
2018-01-10,13.64,13.52,13.51,13.51,6,559.0
2018-01-11,13.74,13.64,13.5,13.5,21,2746.0
2018-01-12,13.83,13.83,13.55,13.65,22,6967.0
2018-01-16,13.75,13.66,13.58,13.58,29,7412.0
2018-01-17,13.81,13.71,13.65,13.65,27,5036.0
2018-01-18,13.88,13.71,13.61,13.7,11,1700.0
2018-01-19,14.0,13.75,13.7,13.78,31,4426.0
2018-01-22,13.95,13.95,13.7,13.74,23,638.0
2018-01-25,13.87,13.75,13.75,13.87,9,264.0
2018-01-26,14.2,14.2,13.89,13.89,35,2948.0
2018-01-29,14.34,14.34,14.07,14.1,33,6468.0
2018-01-30,14.44,14.44,13.89,14.31,24,2803.0
2018-01-31,14.49,14.02,14.0,14.4,22,5688.0
2018-02-01,14.66,14.43,14.21,14.26,11,1355.0
2018-02-02,14.39,14.07,14.01,14.39,19,1590.0
2018-02-05,14.08,14.05,13.93,13.93,11,1177.0
2018-02-06,14.05,14.05,13.88,13.88,14,4079.0
2018-02-07,14.25,14.13,13.9,14.03,47,4197.0
2018-02-08,14.15,14.15,14.0,14.06,10,4110.0
2018-02-09,14.17,14.15,14.0,14.17,14,1602.0
2018-02-12,14.11,14.05,14.05,14.11,4,1370.0
2018-02-13,14.35,14.35,13.94,13.94,9,1340.0
2018-02-14,14.16,14.01,14.01,14.16,16,2081.0
2018-02-15,14.14,14.0,13.9,14.14,29,2985.0
2018-02-16,14.02,14.0,13.9,14.0,31,6210.0
2018-02-20,13.95,13.9,13.84,13.84,15,2138.0
2018-02-21,14.1,14.1,14.0,14.0,25,1651.0
2018-02-22,14.07,13.85,13.85,14.05,38,8415.0
2018-02-23,14.35,14.35,13.96,13.96,42,1721.0
2018-02-26,14.35,14.2,14.19,14.35,21,1800.0
2018-02-27,14.35,14.35,14.15,14.15,5,818.0
2018-02-28,14.7,14.7,14.15,14.28,17,1408.0
2018-03-01,14.73,14.44,14.44,14.51,135,1502.0
2018-03-02,14.7,14.7,14.1,14.49,110,5267.0
2018-03-05,15.5,14.76,14.1,14.43,42,5455.0
2018-03-06,15.4,14.75,14.75,15.35,11,1636.0
2018-03-07,15.4,15.3,15.3,15.3,9,1049.0
2018-03-08,15.39,15.15,15.15,15.39,5,184.0
2018-03-09,15.33,15.145,15.13,15.13,8,219.0
2018-03-12,15.4,14.92,14.79,15.25,23,5450.0
2018-03-13,15.38,14.79,14.25,14.83,15,980.0
2018-03-14,14.97,14.05,14.05,14.97,17,2952.0
2018-03-15,14.22,14.0,14.0,14.22,30,3668.0
2018-03-16,14.03,13.95,13.95,14.03,7,2598.0
2018-03-19,14.1,13.7,13.7,14.1,61,8928.0
2018-03-20,13.75,13.65,13.65,13.7,11,2007.0
2018-03-21,13.89,13.65,13.64,13.64,24,1473.0
2018-03-22,13.74,13.74,13.6,13.6,3,36.0
2018-03-23,13.73,13.73,13.64,13.64,7,190.0
2018-03-26,13.88,13.88,13.75,13.75,2,12.0
2018-03-27,13.61,13.5,13.5,13.6,33,1076.0
2018-03-28,13.72,13.72,13.71,13.71,6,339.0
2018-03-29,13.7,13.7,13.7,13.7,7,104.0
2018-04-02,13.71,13.71,13.61,13.61,8,268.0
2018-04-03,13.64,13.35,13.35,13.64,6,790.0
2018-04-04,13.49,13.05,13.0,13.05,58,6569.0
2018-04-05,13.1,13.1,13.05,13.05,16,2044.0
2018-04-06,13.29,13.29,13.06,13.1,8,513.0
2018-04-09,13.25,13.1,13.1,13.25,17,2171.0
2018-04-10,13.3,13.3,13.25,13.25,7,424.0
2018-04-11,13.64,13.64,13.38,13.38,2,901.0
2018-04-12,13.41,13.3,13.3,13.41,2,29.0
2018-04-13,13.36,13.36,13.3,13.3,5,154.0
2018-04-16,13.3,13.3,13.3,13.3,14,185.0
2018-04-17,13.31,13.31,13.3,13.3,4,68.0
2018-04-18,13.3,13.3,13.26,13.26,4,116.0
2018-04-19,13.23,13.16,13.16,13.23,2,50.0
2018-04-20,13.45,13.2,13.15,13.18,66,11283.0
2018-04-23,13.2,13.2,13.15,13.15,12,1534.0
2018-04-24,13.3,13.3,13.17,13.17,13,2753.0
2018-04-25,13.27,13.27,13.27,13.27,2,419.0
2018-04-26,13.27,13.27,13.25,13.25,5,147.0
2018-04-27,13.65,13.65,13.25,13.25,2,58.0
2018-04-30,13.64,13.64,13.25,13.4,24,8953.0
2018-05-01,13.3,13.3,13.3,13.3,15,3182.0
2018-05-02,13.61,13.475,13.3,13.3,10,3587.0
2018-05-03,13.63,13.57,13.57,13.61,12,600.0
2018-05-04,13.63,13.59,13.36,13.63,3,121.0
2018-05-07,13.57,13.57,13.57,13.57,1,1.0
2018-05-08,13.37,13.37,13.31,13.31,6,385.0
2018-05-09,13.62,13.62,13.36,13.36,7,646.0
2018-05-10,13.65,13.65,13.5,13.5,2,2.0
2018-05-11,13.64,13.64,13.5,13.5,8,716.0
2018-05-14,13.64,13.51,13.5,13.55,15,2174.0
2018-05-15,13.65,13.65,13.64,13.64,5,915.0
2018-05-16,13.52,13.51,13.51,13.52,3,222.0
2018-05-17,13.62,13.61,13.6,13.61,24,2404.0
2018-05-18,13.71,13.71,13.55,13.55,5,1076.0
2018-05-21,13.8,13.8,13.74,13.74,16,1925.0
2018-05-22,13.85,13.76,13.76,13.85,3,609.0
2018-05-23,13.76,13.76,13.76,13.76,4,600.0
2018-05-24,13.82,13.76,13.75,13.75,12,3697.0
2018-05-25,13.9,13.9,13.78,13.8,10,732.0
2018-05-29,13.9,13.86,13.85,13.85,19,1621.0
2018-05-30,13.97,13.81,13.81,13.88,11,739.0
2018-05-31,13.91,13.86,13.86,13.91,2,15.0
2018-06-01,13.93,13.93,13.9,13.93,19,1827.0
2018-06-04,14.11,14.11,13.9,13.9,9,3298.0
2018-06-05,14.1,14.1,13.97,13.97,10,319.0
2018-06-06,14.1,14.01,14.01,14.1,7,678.0
2018-06-07,14.01,14.0,13.99,14.01,12,1605.0
2018-06-08,14.06,14.06,13.94,13.94,9,156.0
2018-06-11,14.16,14.16,14.04,14.07,63,1308.0
2018-06-12,14.2,14.2,14.05,14.11,6,244.0
2018-06-13,14.29,14.29,14.15,14.15,14,812.0
2018-06-14,14.34,14.34,14.31,14.31,11,590.0
2018-06-15,14.34,14.27,14.27,14.34,6,1647.0
2018-06-18,14.45,14.45,14.13,14.2,25,2717.0
2018-06-19,14.3,14.3,14.3,14.3,3,121.0
2018-06-20,14.5,14.5,14.22,14.22,8,933.0
2018-06-21,14.5,14.5,14.34,14.34,13,382.0
2018-06-22,14.8,14.8,14.3,14.6,15,6860.0
2018-06-25,14.94,14.9,14.85,14.94,22,1373.0
2018-06-26,15.01,15.01,14.96,14.96,9,1607.0
2018-06-27,15.0,15.0,15.0,15.0,1,387.0
2018-06-28,15.3,15.3,15.3,15.3,1,6.0
2018-06-29,15.25,15.25,15.02,15.02,6,208.0
2018-07-02,16.01,16.0,15.25,15.25,74,3882.0
2018-07-03,16.94,16.94,16.3,16.3,8,1705.0
2018-07-05,16.62,16.25,16.25,16.62,6,125.0
2018-07-06,16.73,16.25,16.25,16.73,5,20.0
2018-07-09,16.9,16.75,16.25,16.25,16,810.0
2018-07-10,17.44,16.95,16.95,17.44,5,175.0
2018-07-11,16.97,16.97,16.95,16.95,2,31.0
2018-07-12,17.5,17.23,17.23,17.49,9,344.0
2018-07-13,17.65,17.45,17.44,17.44,5,414.0
2018-07-16,17.4,17.0,17.0,17.4,15,2929.0
2018-07-17,16.95,16.8,16.8,16.95,5,27.0
2018-07-18,17.0,17.0,16.9,16.99,8,331.0
2018-07-19,17.0,16.8,16.8,17.0,4,308.0
2018-07-20,16.81,16.81,16.8,16.8,2,13.0
2018-07-23,17.0,16.96,16.8,17.0,4,1285.0
2018-07-24,16.8,16.25,16.25,16.8,4,605.0
2018-07-26,16.5,16.5,16.5,16.5,1,65.0
2018-07-27,16.43,16.0,16.0,16.43,3,104.0
2018-07-30,16.01,15.35,14.95,16.01,51,9866.0
2018-07-31,15.9,15.6,15.55,15.55,10,1963.0
2018-08-03,16.0,15.5,15.3,16.0,14,2426.0
2018-08-08,16.0,16.0,15.55,15.55,2,1021.0
2018-08-09,16.0,16.0,15.95,15.95,2,36.0
2018-08-10,15.87,15.76,15.76,15.87,3,101.0
2018-08-13,15.78,15.55,15.55,15.78,6,1531.0
2018-08-14,15.54,15.25,15.25,15.54,8,682.0
2018-08-15,15.31,15.31,15.25,15.25,6,598.0
2018-08-16,15.4,15.28,15.0,15.25,11,1263.0
2018-08-17,15.75,15.25,15.0,15.06,10,1102.0
2018-08-20,15.25,15.22,15.22,15.25,9,370.0
2018-08-21,15.01,15.0,15.0,15.0,11,721.0
2018-08-22,15.49,15.49,11.91,14.89,14,2161.0
2018-08-23,15.25,15.1,15.1,15.25,7,424.0
2018-08-24,15.0,15.0,15.0,15.0,8,1032.0
2018-08-27,15.15,15.15,15.01,15.01,9,1398.0
2018-08-28,15.15,15.15,15.08,15.15,9,1391.0
2018-08-29,15.17,14.85,13.82,15.1,66,8494.0
2018-08-30,15.07,15.07,14.75,14.76,12,1257.0
2018-08-31,15.05,15.0,15.0,15.0,10,635.0
2018-09-04,15.09,14.9,14.9,15.09,39,8998.0
2018-09-06,15.35,15.15,15.15,15.35,8,273.0
2018-09-07,15.6,15.28,15.1,15.15,33,3673.0
2018-09-10,16.0,15.82,15.5,15.5,27,2172.0
2018-09-11,16.0,15.61,15.61,15.99,29,2466.0
2018-09-12,16.15,16.12,15.95,15.95,10,763.0
2018-09-13,16.25,15.6,15.6,16.25,20,1530.0
2018-09-14,16.15,15.71,15.6,15.61,122,10248.0
2018-09-17,16.15,15.76,15.76,16.06,48,3076.0
2018-09-18,16.2,16.2,16.09,16.09,33,1868.0
2018-09-19,16.2,16.09,16.01,16.01,56,3945.0
2018-09-20,16.59,16.54,16.19,16.2,62,3662.0
2018-09-21,16.5,15.31,15.31,16.5,72,16304.0
2018-09-24,15.75,15.6,15.3,15.3,6,1128.0
2018-09-25,15.94,15.94,15.73,15.89,12,1787.0
2018-09-26,15.88,15.88,15.54,15.54,6,135.0
2018-09-27,15.97,15.5,15.5,15.75,17,1413.0
2018-09-28,15.99,15.5,15.5,15.99,3,220.0
2018-10-01,15.98,15.98,15.51,15.85,11,865.0
2018-10-02,15.99,15.99,15.35,15.79,71,8074.0
2018-10-03,15.99,15.99,15.8,15.86,4,266.0
2018-10-04,16.09,16.09,16.09,16.09,9,393.0
2018-10-05,16.13,16.05,15.9,16.13,5,317.0
2018-10-08,16.09,16.09,15.85,15.85,9,155.0
2018-10-09,16.1,15.7,15.7,16.1,13,604.0
2018-10-10,15.9,15.7,15.7,15.9,8,616.0
2018-10-11,15.86,15.51,15.5,15.86,20,2805.0
2018-10-12,15.98,15.92,15.92,15.98,8,260.0
2018-10-15,15.77,15.77,15.75,15.75,6,274.0
2018-10-16,15.87,15.76,15.76,15.87,2,58.0
2018-10-17,15.97,15.97,15.76,15.76,6,253.0
2018-10-18,15.97,15.75,15.75,15.97,6,254.0
2018-10-19,15.95,15.9,15.7,15.7,21,1527.0
2018-10-22,15.94,15.7,15.7,15.94,11,1215.0
2018-10-23,15.68,15.68,15.6,15.6,3,105.0
2018-10-24,15.8,15.5,15.5,15.8,10,877.0
2018-10-25,15.65,15.4,15.4,15.65,7,617.0
2018-10-26,15.4,15.06,15.025,15.4,8,541.0
2018-10-29,15.11,15.0,15.0,15.11,20,2221.0
2018-10-30,15.03,14.76,14.72,15.0,21,5880.0
2018-10-31,15.68,15.65,15.65,15.68,2,53.0
2018-11-01,15.2,15.2,15.2,15.2,1,12.0
2018-11-02,15.2,15.0,15.0,15.2,11,558.0
2018-11-05,15.33,14.75,14.75,15.0,11,1284.0
2018-11-06,15.22,15.22,15.02,15.02,2,125.0
2018-11-07,15.0,15.0,15.0,15.0,1,100.0
2018-11-09,15.15,15.0,15.0,15.15,3,141.0
2018-11-12,15.02,15.02,15.02,15.02,1,82.0
2018-11-13,15.25,15.02,15.02,15.14,9,1264.0
2018-11-14,15.04,15.02,15.02,15.04,3,102.0
2018-11-15,15.02,15.02,15.02,15.02,2,349.0
2018-11-16,15.02,15.0,14.88,14.88,8,914.0
2018-11-19,15.0,14.77,14.77,15.0,8,144.0
2018-11-20,14.8,14.65,14.65,14.8,12,1004.0
2018-11-21,14.65,14.25,14.25,14.65,6,700.0
2018-11-23,14.84,14.0,14.0,14.48,3,252.0
2018-11-26,14.9,13.61,13.61,14.9,61,932.0
2018-11-27,14.5,14.25,14.25,14.5,10,503.0
2018-11-28,14.7,14.7,14.48,14.48,10,209.0
2018-11-29,14.95,14.95,14.95,14.95,4,115.0
2018-11-30,14.73,14.08,14.08,14.73,8,893.0
2018-12-03,14.565,14.565,14.16,14.16,2,132.0
2018-12-04,14.15,14.15,14.15,14.15,1,6.0
2018-12-06,14.15,14.0,14.0,14.15,20,1930.0
2018-12-07,14.615,14.3,14.15,14.15,28,2235.0
2018-12-10,14.75,14.75,14.75,14.75,1,4.0
2018-12-11,14.55,14.55,14.55,14.55,1,5.0
2018-12-12,14.75,14.35,14.3,14.75,15,1403.0
2018-12-13,14.35,14.01,14.01,14.35,30,3956.0
2018-12-14,14.87,14.87,14.0,14.03,7,507.0
2018-12-17,14.0,13.625,13.55,14.0,8,2883.0
2018-12-18,13.75,13.75,12.75,13.5,28,6340.0
2018-12-19,13.5,13.5,12.7,12.83,41,4700.0
2018-12-20,13.2,13.1,13.0,13.2,62,15516.0
2018-12-21,13.32,13.13,13.13,13.32,2,100.0
2018-12-24,13.0,13.0,13.0,13.0,20,1811.0
2018-12-26,13.71,13.71,12.5,13.1,25,2396.0
2018-12-27,13.71,13.32,13.32,13.71,10,2448.0
2018-12-28,14.13,13.56,13.3,14.13,10,702.0
2018-12-31,14.4,13.76,13.41,13.55,31,3441.0
2019-01-02,14.27,14.27,13.75,14.05,7,322.0
2019-01-03,14.0,13.93,13.75,14.0,9,508.0
2019-01-04,14.45,14.45,13.87,13.87,2,2.0
2019-01-07,14.45,14.45,14.45,14.45,1,50.0
2019-01-08,14.1,14.0,14.0,14.1,6,210.0
2019-01-09,14.25,14.15,14.15,14.25,9,962.0
2019-01-10,14.15,14.15,14.15,14.15,3,366.0
2019-01-11,14.2,14.195,14.195,14.2,2,25.0
2019-01-14,14.25,14.15,14.15,14.2,12,1144.0
2019-01-15,14.25,14.16,14.0,14.24,16,1270.0
2019-01-16,14.24,14.21,14.0,14.24,18,535.0
2019-01-17,14.15,14.15,14.15,14.15,7,925.0
2019-01-18,14.25,14.25,14.2,14.24,30,1227.0
2019-01-22,14.22,14.2,14.2,14.22,2,136.0
2019-01-23,14.25,14.25,14.25,14.25,1,100.0
2019-01-24,14.25,14.25,14.25,14.25,1,105.0
2019-01-25,14.25,14.25,14.23,14.25,13,4983.0
2019-01-28,14.77,14.77,14.15,14.15,7,362.0
2019-01-29,14.41,14.41,14.33,14.35,4,114.0
2019-01-30,14.6,14.49,14.4,14.55,10,1019.0
2019-01-31,14.52,14.52,14.52,14.52,1,1.0
2019-02-01,14.51,14.5,14.5,14.51,4,152.0
2019-02-04,14.57,14.57,14.5,14.5,3,231.0
2019-02-05,14.55,14.5,14.42,14.47,11,1116.0
2019-02-06,14.5,14.5,14.5,14.5,1,73.0
2019-02-07,14.5,14.5,14.42,14.42,8,1040.0
2019-02-08,14.5,14.5,14.5,14.5,2,196.0
2019-02-11,14.55,14.42,14.42,14.5,10,766.0
2019-02-12,14.495,14.41,14.41,14.47,10,931.0
2019-02-13,14.5,14.5,14.5,14.5,2,128.0
2019-02-14,14.58,14.55,14.55,14.58,4,605.0
2019-02-15,15.2,15.2,14.57,14.57,103,11904.0
2019-02-19,15.16,15.05,15.05,15.16,7,364.0
2019-02-20,15.25,15.01,15.01,15.25,3,648.0
2019-02-21,15.21,15.2,15.2,15.21,4,223.0
2019-02-22,15.23,15.06,15.06,15.13,12,1507.0
2019-02-25,15.17,15.15,15.15,15.17,17,1836.0
2019-02-26,15.24,15.1,15.1,15.24,4,194.0
2019-02-27,15.1,14.9,14.9,15.1,7,435.0
2019-02-28,15.14,15.03,15.03,15.14,8,327.0
2019-03-01,15.1,15.09,15.09,15.1,10,447.0
2019-03-04,15.14,15.14,15.05,15.05,13,591.0
2019-03-05,15.24,15.2,15.175,15.175,9,997.0
2019-03-06,15.2,15.16,15.15,15.2,6,226.0
2019-03-07,15.24,15.24,15.15,15.15,10,390.0
2019-03-08,15.15,15.1,15.1,15.15,3,165.0
2019-03-11,15.24,15.24,15.1,15.15,21,1073.0
2019-03-12,15.24,15.24,15.1,15.1,4,278.0
2019-03-13,15.24,15.24,15.2,15.2,5,450.0
2019-03-14,15.2,15.2,15.15,15.2,5,471.0
2019-03-15,15.2,15.2,15.2,15.2,2,1692.0
2019-03-18,15.2,15.2,15.15,15.18,12,1584.0
2019-03-19,15.21,15.21,15.15,15.15,3,610.0
2019-03-20,15.2,15.15,15.15,15.2,3,52.0
2019-03-21,15.02,15.02,15.02,15.02,1,178.0
2019-03-22,14.95,14.7,14.7,14.95,12,1522.0
2019-03-25,14.81,14.71,14.71,14.81,7,405.0
2019-03-26,14.58,14.58,14.58,14.58,3,3.0
2019-03-27,15.15,14.9,14.9,14.99,71,7075.0
2019-03-28,14.95,14.92,14.92,14.95,5,206.0
2019-03-29,14.94,14.94,14.93,14.93,3,262.0
2019-04-01,15.0,14.96,14.94,14.94,12,648.0
2019-04-02,15.0,15.0,14.9,14.9,3,251.0
2019-04-03,15.0,14.96,14.92,14.95,13,7157.0
2019-04-04,15.01,14.95,14.95,15.01,9,635.0
2019-04-05,14.95,14.95,14.95,14.95,1,106.0
2019-04-08,15.06,14.96,14.96,14.96,14,2793.0
2019-04-09,14.96,14.96,14.96,14.96,6,2729.0
2019-04-10,14.98,14.96,14.96,14.98,11,1218.0
2019-04-12,15.02,15.01,15.01,15.01,4,106.0
2019-04-15,15.0,14.42,14.42,15.0,20,2919.0
2019-04-16,14.93,14.93,14.93,14.93,3,246.0
2019-04-17,14.95,14.9,14.9,14.95,4,433.0
2019-04-18,14.86,14.85,14.85,14.86,2,108.0
2019-04-22,14.86,14.85,14.85,14.85,5,223.0
2019-04-23,14.99,14.99,14.925,14.925,2,69.0
2019-04-24,14.9,14.9,14.9,14.9,6,597.0
2019-04-25,15.02,15.02,14.25,15.0,20,1872.0
2019-04-26,15.15,15.15,14.78,14.78,19,2313.0
2019-04-29,15.25,15.25,15.16,15.16,4,400.0
2019-05-01,15.25,15.16,15.16,15.16,16,1033.0
2019-05-03,15.3,15.25,15.23,15.3,28,2014.0
2019-05-06,15.35,15.26,15.26,15.26,10,1333.0
2019-05-07,15.26,15.23,15.125,15.25,36,19256.0
2019-05-08,15.3,15.3,15.09,15.09,2,9.0
2019-05-09,15.32,15.27,15.25,15.32,12,6012.0
2019-05-10,15.16,15.16,15.16,15.16,1,8.0
2019-05-13,15.22,15.12,15.12,15.22,22,3886.0
2019-05-14,15.18,15.18,15.11,15.15,37,2006.0
2019-05-15,15.13,15.1,15.01,15.12,12,915.0
2019-05-16,15.11,15.06,15.06,15.1,9,443.0
2019-05-17,15.07,15.07,15.0,15.0,13,1544.0
2019-05-20,15.08,14.95,14.95,15.08,26,1642.0
2019-05-21,15.24,15.24,15.05,15.05,2,18.0
2019-05-22,15.135,15.135,15.02,15.03,24,2633.0
2019-05-23,15.24,15.24,15.24,15.24,1,25.0
2019-05-24,15.24,15.24,15.02,15.2,8,1744.0
2019-05-28,15.13,15.13,15.02,15.02,14,1642.0
2019-05-29,15.25,15.24,15.1,15.15,11,2116.0
2019-05-30,15.15,15.05,15.05,15.15,3,81.0
2019-05-31,15.01,14.96,14.96,15.01,11,1531.0
2019-06-03,15.18,15.18,14.68,14.68,6,594.0
2019-06-04,15.22,15.05,15.05,15.22,10,243.0
2019-06-05,15.05,15.02,15.02,15.05,6,437.0
2019-06-06,15.02,15.02,15.02,15.02,1,53.0
2019-06-07,15.035,15.03,15.02,15.02,10,321.0
2019-06-10,15.1,15.1,15.05,15.05,7,211.0
2019-06-11,15.1,15.1,15.06,15.06,2,200.0
2019-06-12,15.06,15.06,15.06,15.06,1,100.0
2019-06-13,15.06,15.06,15.06,15.06,2,121.0
2019-06-14,15.06,15.06,15.02,15.02,7,188.0
2019-06-17,15.06,15.06,15.06,15.06,14,612.0
2019-06-18,15.07,15.07,15.07,15.07,70,6031.0
2019-06-19,15.06,15.06,14.58,15.06,26,13963.0
2019-06-20,15.05,15.05,15.05,15.05,4,330.0
2019-06-21,15.15,15.15,15.04,15.04,4,3720.0
2019-06-24,15.08,15.06,15.06,15.08,3,535.0
2019-06-25,15.07,15.06,15.06,15.06,7,352.0
2019-06-26,15.1,15.1,15.06,15.06,13,1139.0
2019-06-27,15.06,15.06,15.06,15.06,8,6068.0
2019-06-28,15.25,15.25,15.1,15.1,9,2261.0
2019-07-01,15.34,15.12,15.12,15.28,9,479.0
2019-07-02,15.24,15.16,15.16,15.24,2,101.0
2019-07-03,15.16,15.16,15.16,15.16,1,1.0
2019-07-05,15.16,15.16,15.16,15.16,6,252.0
2019-07-08,15.16,15.16,15.16,15.16,6,1738.0
2019-07-09,15.16,15.16,15.16,15.16,10,216.0
2019-07-10,15.17,15.07,15.07,15.16,69,8967.0
2019-07-11,15.25,15.1,15.1,15.25,2,164.0
2019-07-12,15.11,15.06,15.06,15.11,25,4029.0
2019-07-16,15.135,15.05,15.05,15.135,2,7.0
2019-07-17,15.07,15.07,15.06,15.06,3,71.0
2019-07-18,15.15,15.15,15.15,15.15,1,1.0
2019-07-19,15.11,15.11,15.11,15.11,15,2646.0
2019-07-22,15.13,15.13,15.11,15.11,2,101.0
2019-07-23,15.11,15.11,15.11,15.11,2,201.0
2019-07-24,15.11,15.11,15.11,15.11,1,77.0
2019-07-25,15.13,15.11,15.11,15.13,4,61.0
2019-07-26,15.16,15.16,15.105,15.11,67,6228.0
2019-07-29,15.2,15.11,15.11,15.19,5,1139.0
2019-07-30,15.21,15.11,15.11,15.11,8,701.0
2019-07-31,15.26,15.16,15.16,15.16,15,2215.0
2019-08-01,15.25,15.16,15.16,15.25,6,1225.0
2019-08-02,15.25,15.25,15.24,15.24,2,200.0
2019-08-05,15.2,15.2,15.17,15.17,2,1523.0
2019-08-07,15.24,15.24,15.24,15.24,1,100.0
2019-08-08,15.21,15.17,15.17,15.21,3,805.0
2019-08-09,15.2,15.15,15.15,15.15,14,1145.0
2019-08-12,15.15,15.15,15.01,15.01,48,5956.0
2019-08-13,15.15,15.07,15.07,15.15,4,1210.0
2019-08-14,15.07,15.0,15.0,15.0,9,1289.0
2019-08-15,15.13,15.02,15.02,15.13,2,536.0
2019-08-16,15.04,15.04,15.0,15.0,40,2609.0
2019-08-19,15.2,15.06,15.05,15.2,8,627.0
2019-08-20,15.06,15.0,15.0,15.06,9,4561.0
2019-08-21,15.12,15.12,14.93,14.96,32,2887.0
2019-08-22,15.08,15.08,15.08,15.08,1,6.0
2019-08-23,15.04,15.02,15.02,15.04,8,702.0
2019-08-26,14.93,14.93,14.93,14.93,5,300.0
2019-08-27,14.9,14.9,14.87,14.9,26,3105.0
2019-08-28,14.88,14.72,14.72,14.88,40,5805.0
2019-08-29,14.7,14.35,14.35,14.69,16,5315.0
2019-08-30,14.9,14.9,14.6,14.6,2,601.0
2019-09-03,14.73,14.71,14.71,14.73,9,690.0
2019-09-04,14.66,14.5,14.5,14.65,33,3182.0
2019-09-05,14.94,14.93,14.73,14.73,22,4034.0
2019-09-06,14.86,14.85,14.75,14.75,6,1504.0
2019-09-09,15.24,15.05,14.96,14.96,83,6591.0
2019-09-10,15.16,15.15,15.06,15.06,36,2547.0
2019-09-11,15.25,15.25,15.15,15.15,9,823.0
2019-09-12,15.35,15.31,15.31,15.34,4,1204.0
2019-09-13,15.76,15.41,15.35,15.35,51,4411.0
2019-09-16,15.4,15.275,15.27,15.4,21,1333.0
2019-09-17,15.15,15.12,15.12,15.15,61,3022.0
2019-09-18,15.2,15.17,15.14,15.14,17,1471.0
2019-09-19,15.39,15.39,15.19,15.19,38,530.0
2019-09-20,15.5,15.5,15.2,15.2,39,7981.0
2019-09-23,15.43,15.38,15.38,15.43,13,176.0
2019-09-24,15.41,15.3,15.3,15.31,17,1704.0
2019-09-25,15.52,15.35,15.35,15.425,19,5796.0
2019-09-26,15.5,15.31,15.31,15.35,9,633.0
2019-09-27,15.5,15.37,15.37,15.5,23,2113.0
2019-09-30,15.43,15.43,15.37,15.39,63,16251.0
2019-10-01,15.52,15.49,15.46,15.47,20,2186.0
2019-10-02,15.5,15.42,15.42,15.42,11,1352.0
2019-10-03,15.5,15.5,15.47,15.47,12,791.0
2019-10-04,15.5,15.0,14.8,15.5,153,9918.0
2019-10-07,15.19,15.06,15.06,15.11,22,3877.0
2019-10-08,15.11,15.06,15.06,15.11,7,1167.0
2019-10-09,15.08,15.08,15.08,15.08,1,46.0
2019-10-10,15.25,15.06,15.06,15.06,34,4713.0
2019-10-14,15.05,15.02,15.02,15.02,8,1352.0
2019-10-15,15.1,15.1,15.05,15.05,5,185.0
2019-10-16,15.17,15.17,15.15,15.15,24,2107.0
2019-10-17,15.25,15.15,15.15,15.25,21,777.0
2019-10-18,15.25,15.25,15.25,15.25,1,3.0
2019-10-21,15.24,15.24,15.15,15.15,11,1214.0
2019-10-22,15.2,15.2,15.15,15.15,4,107.0
2019-10-23,15.3,15.3,15.25,15.25,3,723.0
2019-10-24,15.3,15.3,15.25,15.25,5,651.0
2019-10-25,15.35,15.15,15.1,15.35,39,3820.0
2019-10-28,15.25,15.25,15.15,15.15,14,1008.0
2019-10-29,15.15,15.15,15.15,15.15,11,302.0
2019-10-30,15.15,15.07,15.07,15.15,22,3023.0
2019-10-31,15.24,15.05,15.05,15.24,2,58.0
2019-11-01,15.25,15.25,15.1,15.1,4,393.0
2019-11-04,15.09,15.055,12.6,15.05,28,3195.0
2019-11-05,15.13,15.02,15.02,15.13,21,4923.0
2019-11-06,15.13,14.95,14.95,15.13,17,1507.0
2019-11-07,15.13,15.0,15.0,15.13,2,26.0
2019-11-08,15.04,15.04,14.95,14.95,2,28.0
2019-11-11,15.015,15.01,15.0,15.015,12,711.0
2019-11-12,15.2,15.2,15.125,15.13,5,1742.0
2019-11-13,15.25,15.2,15.2,15.25,2,262.0
2019-11-14,15.3,15.3,15.2,15.2,12,1068.0
2019-11-15,16.0,15.57,15.33,15.35,28,9940.0
2019-11-18,16.24,15.52,15.52,15.65,29,4375.0
2019-11-19,16.09,15.51,15.51,15.7,37,4672.0
2019-11-20,16.14,15.53,15.35,15.35,23,5482.0
2019-11-21,16.0,16.0,15.99,15.99,25,3088.0
2019-11-22,16.0,16.0,16.0,16.0,1,637.0
2019-11-25,16.29,16.06,16.01,16.01,44,2959.0
2019-11-26,16.265,16.05,16.05,16.265,18,1282.0
2019-11-27,16.58,16.58,16.16,16.16,22,8359.0
2019-11-29,16.63,16.63,16.6,16.6,5,314.0
2019-12-02,17.0,16.85,16.85,17.0,16,638.0
2019-12-03,17.25,17.25,16.41,16.41,19,737.0
2019-12-04,17.25,17.15,17.15,17.25,9,1281.0
2019-12-05,17.44,17.01,17.01,17.44,5,156.0
2019-12-06,17.49,16.77,16.77,17.49,67,537.0
2019-12-09,18.49,17.93,17.5,17.5,30,2210.0
2019-12-10,17.93,17.7,17.7,17.93,5,326.0
2019-12-11,17.74,17.42,17.25,17.74,63,1920.0
2019-12-12,17.94,17.94,17.68,17.68,178,982.0
2019-12-13,17.94,17.88,17.88,17.94,7,295.0
2019-12-16,18.25,18.01,17.6,17.6,89,4050.0
2019-12-17,18.44,18.11,17.98,17.98,112,7766.0
2019-12-18,18.0,17.7,17.7,18.0,2,1294.0
2019-12-19,18.14,17.63,17.63,18.14,25,2974.0
2019-12-20,18.18,18.07,17.5,17.5,25,2825.0
2019-12-23,17.71,17.58,17.58,17.71,43,2516.0
2019-12-24,17.56,17.31,17.31,17.56,3,340.0
2019-12-26,17.95,17.72,17.44,17.56,11,472.0
2019-12-27,17.57,17.17,17.17,17.21,9,330.0
2019-12-30,17.74,17.17,17.01,17.01,25,1180.0
2019-12-31,18.0,18.0,17.13,17.13,37,2206.0
2020-01-02,18.0,17.54,17.45,17.45,71,6863.0
2020-01-03,17.95,17.22,17.22,17.95,9,440.0
2020-01-06,17.4,17.18,17.15,17.15,12,885.0
2020-01-07,17.6,17.6,17.17,17.48,11,429.0
2020-01-08,17.35,17.17,17.17,17.19,19,719.0
2020-01-09,17.27,17.25,17.16,17.16,10,241.0
2020-01-10,17.8,17.49,16.51,17.8,75,2471.0
2020-01-13,17.12,17.12,16.84,16.84,34,643.0
2020-01-14,17.05,17.05,16.98,16.98,12,481.0
2020-01-15,17.06,17.0,17.0,17.06,33,595.0
2020-01-16,17.2,17.04,16.91,16.91,17,544.0
2020-01-17,17.2,17.15,17.15,17.2,2,13.0
2020-01-21,17.45,17.34,16.87,16.87,24,1383.0
2020-01-22,17.37,17.37,17.1,17.1,13,695.0
2020-01-23,17.08,17.05,17.05,17.08,5,42.0
2020-01-24,17.3,17.1,17.1,17.3,7,39.0
2020-01-27,17.0,17.0,16.71,16.78,9,1732.0
2020-01-28,17.25,17.19,16.55,16.55,42,2072.0
2020-01-29,17.01,16.77,16.77,17.01,7,266.0
2020-01-30,17.0,17.0,17.0,17.0,7,144.0
2020-01-31,17.0,16.75,16.75,17.0,15,1696.0
2020-02-03,17.25,17.0,16.77,16.77,40,5619.0
2020-02-04,17.19,17.12,17.12,17.19,32,150.0
2020-02-05,17.06,17.06,17.06,17.06,1,6.0
2020-02-06,17.13,17.09,17.0,17.0,9,501.0
2020-02-07,17.0,17.0,17.0,17.0,7,283.0
2020-02-10,17.14,17.14,17.0,17.0,21,315.0
2020-02-11,17.0,17.0,17.0,17.0,11,2227.0
2020-02-12,17.11,16.66,16.66,17.0,15,548.0
2020-02-13,17.22,17.0,17.0,17.1,27,1213.0
2020-02-14,17.2,17.0,17.0,17.1,29,4809.0
2020-02-18,17.19,17.19,16.84,16.84,9,106.0
2020-02-19,17.0,17.0,17.0,17.0,4,158.0
2020-02-20,17.0,16.74,16.74,17.0,6,101.0
2020-02-21,17.17,17.17,16.65,16.65,16,4303.0
2020-02-24,17.17,16.84,16.84,17.17,5,216.0
2020-02-25,17.14,17.14,16.85,16.85,9,341.0
2020-02-26,17.0,17.0,17.0,17.0,2,475.0
2020-02-27,17.0,16.25,16.25,17.0,48,1002.0
2020-02-28,17.1,16.0,16.0,16.31,109,13829.0
2020-03-02,16.57,16.57,16.0,16.0,47,3346.0
2020-03-03,16.56,16.16,16.16,16.52,60,4605.0
2020-03-04,16.5,16.4,16.28,16.48,18,7093.0
2020-03-05,16.25,15.75,15.75,15.94,44,2502.0
2020-03-06,15.75,14.65,14.65,15.75,14,427.0
2020-03-09,14.6,14.07,11.49,14.6,57,6547.0
2020-03-10,13.91,13.9,13.9,13.91,4,83.0
2020-03-11,14.625,13.01,13.01,14.625,18,1143.0
2020-03-12,12.91,12.11,12.11,12.84,5,106.0
2020-03-13,14.26,13.0,13.0,13.29,12,633.0
2020-03-16,12.0,10.86,10.86,12.0,60,6918.0
2020-03-17,11.96,10.77,10.0,11.91,52,3800.0
2020-03-18,10.53,9.99,9.01,10.52,41,2815.0
2020-03-19,10.0,8.31,7.25,8.14,35,5016.0
2020-03-20,9.26,7.62,7.62,8.43,180,15729.0
2020-03-23,7.58,7.12,6.83,7.58,21,2650.0
2020-03-24,7.71,7.5,6.95,7.0,22,3708.0
2020-03-25,7.96,7.24,7.24,7.5,130,27060.0
2020-03-26,8.36,8.36,7.5,7.5,7,421.0
2020-03-27,9.75,9.35,8.42,8.42,6,701.0
2020-03-30,10.16,10.16,9.81,9.81,11,464.0
2020-03-31,11.14,11.14,11.14,11.14,2,205.0
2020-04-01,11.14,10.0,10.0,10.67,11,825.0
2020-04-02,9.96,9.53,9.53,9.75,23,1958.0
2020-04-03,10.24,9.4,9.3,9.49,24,4864.0
2020-04-06,10.32,9.32,9.32,9.35,8,528.0
2020-04-07,11.26,11.26,11.26,11.26,1,22.0
2020-04-08,11.74,11.74,10.68,11.05,24,1957.0
2020-04-09,12.85,11.5,10.93,11.37,51,7357.0
2020-04-13,12.75,12.75,11.5,11.5,17,824.0
2020-04-14,14.3,14.3,12.69,12.69,15,610.0
2020-04-15,14.0,13.0,13.0,14.0,20,1360.0
2020-04-16,14.06,13.11,13.11,14.06,21,1242.0
2020-04-17,12.99,12.86,12.86,12.99,2,43.0
2020-04-20,12.55,11.95,11.57,12.55,27,3831.0
2020-04-21,12.23,11.77,11.66,12.23,21,2826.0
2020-04-22,11.75,11.65,11.57,11.75,11,2062.0
2020-04-23,11.8,11.8,11.56,11.7,25,3603.0
2020-04-24,12.13,11.81,11.81,12.13,3,35.0
2020-04-27,12.0,11.9,11.9,12.0,2,34.0
2020-04-28,12.46,12.08,11.91,12.0,41,4556.0
2020-04-29,12.97,12.29,12.08,12.97,44,4560.0
2020-04-30,12.3,12.25,12.25,12.3,2,44.0
2020-05-01,12.88,12.88,12.25,12.25,12,207.0
2020-05-04,12.88,12.75,12.75,12.88,30,732.0
2020-05-05,12.89,12.25,12.25,12.89,41,2789.0
2020-05-06,12.69,12.69,12.54,12.54,8,146.0
2020-05-07,12.85,12.69,12.02,12.85,28,3214.0
2020-05-08,12.85,12.66,12.46,12.62,26,1619.0
2020-05-11,12.45,12.31,12.31,12.45,9,2150.0
2020-05-12,12.94,12.27,12.27,12.8,28,925.0
2020-05-13,12.18,11.99,11.48,11.86,31,1930.0
2020-05-14,12.0,12.0,11.82,11.82,3,67.0
2020-05-15,11.65,11.65,11.65,11.65,1,1.0
2020-05-18,12.53,11.73,11.73,12.53,7,399.0
2020-05-19,13.09,12.25,12.25,12.6,10,418.0
2020-05-20,12.9,12.57,12.57,12.9,13,510.0
2020-05-21,12.54,11.64,11.64,12.54,13,807.0
2020-05-22,12.08,12.0,12.0,12.08,8,347.0
2020-05-26,12.38,12.06,12.06,12.38,11,152.0
2020-05-27,11.61,11.61,11.61,11.61,2,18.0
2020-05-28,11.9,11.45,11.45,11.9,2,293.0
2020-05-29,11.8,11.38,11.38,11.8,3,666.0
2020-06-01,11.95,11.95,11.36,11.46,26,2249.0
2020-06-02,11.53,11.32,11.16,11.31,39,2897.0
2020-06-03,11.63,11.63,11.25,11.42,8,1069.0
2020-06-04,11.37,11.33,11.33,11.37,6,651.0
2020-06-05,11.59,11.3,11.16,11.59,26,3560.0
2020-06-08,12.0,12.0,11.31,11.84,93,9596.0
2020-06-09,12.2,12.09,11.76,11.76,52,4519.0
2020-06-10,12.32,12.07,11.97,12.32,57,2550.0
2020-06-11,11.79,11.36,11.33,11.79,95,4331.0
2020-06-12,12.23,11.48,11.48,11.5,50,2743.0
2020-06-15,11.96,11.67,11.6,11.6,145,3152.0
2020-06-16,12.6,12.6,11.96,11.99,84,141477.0
2020-06-17,12.59,12.14,12.14,12.37,11,577.0
2020-06-18,12.67,12.6,12.3,12.3,262,23651.0
2020-06-19,12.73,12.69,12.66,12.73,83,7823.0
2020-06-22,15.2,13.72,12.14,12.85,178,25472.0
2020-06-23,13.99,13.5,13.5,13.99,307,18269.0
2020-06-24,13.82,13.77,13.03,13.82,223,13530.0
2020-06-25,13.88,13.78,13.25,13.77,379,18986.0
2020-06-26,13.9,13.0,12.84,13.9,373,409002.0
2020-06-29,13.25,13.18,12.91,12.91,124,7092.0
2020-06-30,13.22,13.15,12.745,13.22,34,2524.0
2020-07-01,13.08,13.08,13.0,13.0,23,1024.0
2020-07-02,13.11,12.87,12.86,13.11,24,1118.0
2020-07-06,12.9,12.82,12.72,12.75,61,2800.0
2020-07-07,12.76,12.51,12.51,12.76,30,1405.0
2020-07-08,12.51,12.5,12.5,12.51,50,2876.0
2020-07-09,12.55,10.83,10.83,12.55,114,7955.0
2020-07-10,12.77,12.77,10.67,10.67,15,1466.0
2020-07-13,11.52,11.52,11.41,11.41,13,1171.0
2020-07-14,11.88,11.69,11.64,11.88,19,1198.0
2020-07-15,12.0,11.73,11.3,11.82,135,10611.0
2020-07-16,12.12,11.66,11.63,12.0,32,2980.0
2020-07-17,11.48,11.41,11.41,11.48,15,1527.0
2020-07-20,11.94,11.87,11.37,11.37,17,909.0
2020-07-21,11.86,11.65,11.21,11.21,32,3521.0
2020-07-22,11.58,11.58,11.55,11.55,24,1882.0
2020-07-23,11.72,11.28,11.28,11.72,27,4855.0
2020-07-24,11.22,10.755,9.87,11.2,56,15985.0
2020-07-27,11.31,10.97,10.75,10.75,89,13737.0
2020-07-28,11.13,11.01,10.96,10.96,39,3561.0
2020-07-29,11.5,10.94,10.94,11.15,39,2630.0
2020-07-30,11.54,11.07,10.85,10.85,30,2580.0
2020-07-31,11.03,10.58,10.5,11.03,51,7370.0
2020-08-03,10.79,10.65,10.39,10.79,46,3419.0
2020-08-04,10.52,10.47,10.43,10.52,17,1294.0
2020-08-05,10.59,10.59,10.59,10.59,24,1169.0
2020-08-06,10.66,10.49,10.26,10.66,53,5883.0
2020-08-07,10.81,10.81,10.31,10.31,12,1674.0
2020-08-10,11.02,10.72,10.72,10.85,18,2088.0
2020-08-11,11.02,10.78,10.77,11.02,66,3034.0
2020-08-12,11.02,10.75,10.75,11.02,5,915.0
2020-08-13,11.0,11.0,10.73,10.73,16,802.0
2020-08-14,10.99,10.76,10.76,10.99,52,1314.0
2020-08-17,10.76,10.72,10.66,10.76,34,1240.0
2020-08-18,10.97,10.57,10.57,10.97,21,516.0
2020-08-19,10.97,10.97,10.56,10.56,27,788.0
2020-08-20,10.9,10.74,10.52,10.9,33,2386.0
2020-08-21,10.8,10.8,10.52,10.53,23,2841.0
2020-08-24,10.95,10.95,10.6,10.6,51,1487.0
2020-08-25,10.96,10.75,10.75,10.96,7,531.0
2020-08-26,10.92,10.57,10.56,10.75,27,1373.0
2020-08-27,10.57,10.39,10.39,10.57,22,2493.0
2020-08-28,10.9,10.71,10.37,10.37,17,1316.0
2020-08-31,10.75,10.75,10.73,10.73,32,5749.0
2020-09-01,10.85,10.75,10.75,10.85,15,2032.0
2020-09-02,10.86,10.75,10.57,10.57,141,15379.0
2020-09-03,10.63,10.63,10.37,10.37,92,2727.0
2020-09-04,10.9,10.9,10.64,10.64,15,1012.0
2020-09-08,10.87,10.5,10.5,10.87,21,1002.0
2020-09-09,10.83,10.39,10.39,10.83,16,1468.0
2020-09-10,10.48,10.32,10.32,10.48,27,1147.0
2020-09-11,10.35,10.32,10.32,10.35,41,1891.0
2020-09-14,10.49,10.49,10.29,10.35,51,5375.0
2020-09-15,10.5,10.32,10.32,10.5,20,808.0
2020-09-16,10.49,10.21,10.21,10.49,41,2730.0
2020-09-17,10.4,10.4,10.18,10.18,24,886.0
2020-09-18,10.88,10.88,10.53,10.53,66,11263.0
2020-09-21,10.52,10.36,10.36,10.52,58,3668.0
2020-09-22,10.59,10.38,10.38,10.44,61,1075.0
2020-09-23,10.39,10.39,10.23,10.23,45,3053.0
2020-09-24,10.41,10.26,10.26,10.41,91,1951.0
2020-09-25,10.29,10.21,10.21,10.29,37,1109.0
2020-09-28,10.55,10.22,10.22,10.55,33,1211.0
2020-09-29,10.5,10.47,10.47,10.5,15,539.0
2020-09-30,10.54,10.52,10.47,10.47,25,1608.0
2020-10-01,10.55,10.27,10.27,10.52,81,3558.0
2020-10-02,10.45,10.44,10.44,10.45,15,1383.0
2020-10-05,10.66,10.66,10.28,10.49,62,3314.0
2020-10-06,10.73,10.52,10.52,10.73,21,1493.0
2020-10-07,10.99,10.99,10.35,10.71,62,3296.0
2020-10-08,10.91,10.61,10.57,10.91,33,2063.0
2020-10-09,10.7,10.62,10.6,10.7,22,971.0
2020-10-12,10.89,10.89,10.45,10.45,14,1115.0
2020-10-13,10.68,10.68,10.63,10.63,5,278.0
2020-10-14,10.95,10.52,10.52,10.95,14,603.0
2020-10-15,10.91,10.91,10.41,10.41,18,941.0
2020-10-16,10.87,10.86,10.6,10.6,37,1997.0
2020-10-19,10.87,10.54,10.54,10.87,10,359.0
2020-10-20,10.91,10.91,10.76,10.83,31,856.0
2020-10-21,10.91,10.86,10.86,10.89,14,1009.0
2020-10-22,11.0,10.64,10.64,11.0,42,2921.0
2020-10-23,11.0,10.6,10.6,11.0,37,1412.0
2020-10-26,10.7,10.7,10.59,10.59,16,851.0
2020-10-27,10.55,10.46,10.46,10.55,10,716.0
2020-10-28,10.88,10.88,10.41,10.41,20,1126.0
2020-10-29,10.99,10.99,10.56,10.56,19,969.0
2020-10-30,10.93,10.6,10.51,10.93,37,3008.0
2020-11-02,10.93,10.93,10.74,10.74,26,1838.0
2020-11-03,11.0,10.92,10.91,10.97,125,10467.0
2020-11-04,10.72,10.62,10.62,10.72,15,481.0
2020-11-05,11.23,10.82,10.56,10.56,29,1686.0
2020-11-06,11.15,10.66,10.66,11.15,14,1758.0
2020-11-09,11.72,11.24,10.98,10.98,78,5380.0
2020-11-10,11.83,11.79,11.53,11.53,20,3407.0
2020-11-11,11.78,11.78,11.78,11.78,21,1825.0
2020-11-12,11.56,11.33,11.32,11.56,30,1513.0
2020-11-13,11.74,11.72,11.52,11.52,47,1361.0
2020-11-16,12.0,12.0,11.74,11.81,225,15678.0
2020-11-17,11.96,11.83,11.775,11.95,96,5696.0
2020-11-18,11.96,11.96,11.85,11.9,50,2259.0
2020-11-19,12.0,12.0,11.91,11.99,48,2036.0
2020-11-20,12.5,12.5,11.88,11.88,38,3026.0
2020-11-23,12.49,12.25,12.12,12.49,51,3097.0
2020-11-24,12.98,12.98,12.54,12.54,60,4295.0
2020-11-25,13.04,13.04,12.95,12.95,59,2014.0
2020-11-27,12.99,12.38,12.38,12.99,9,1036.0
2020-11-30,12.24,12.16,12.02,12.02,29,3101.0
2020-12-01,12.43,12.43,12.29,12.29,44,2016.0
2020-12-02,12.5,12.47,12.3,12.3,119,7131.0
2020-12-03,13.03,13.03,12.42,12.42,17,558.0
2020-12-04,13.34,13.24,13.24,13.34,23,1060.0
2020-12-07,14.61,13.75,13.21,13.21,78,4353.0
2020-12-08,14.46,14.46,13.51,13.51,42,2661.0
2020-12-09,15.09,13.89,13.89,14.49,43,3132.0
2020-12-10,14.7,14.51,14.51,14.7,32,1095.0
2020-12-11,14.74,14.74,14.4,14.4,16,1005.0
2020-12-14,15.23,13.56,13.56,14.93,62,3145.0
2020-12-15,14.14,13.72,13.18,13.7,64,2923.0
2020-12-16,14.09,12.99,12.99,13.76,37,2986.0
2020-12-17,13.45,13.2,13.2,13.45,55,2567.0
2020-12-18,15.25,14.05,13.3,13.3,190,51931.0
2020-12-21,14.41,13.58,13.58,14.09,31,2545.0
2020-12-22,13.58,13.2,13.2,13.58,33,1481.0
2020-12-23,13.4,13.25,12.78,12.8,112,8773.0
2020-12-24,13.1,13.1,13.1,13.1,15,645.0
2020-12-28,13.45,13.01,13.01,13.45,61,8812.0
2020-12-29,13.26,13.08,13.0,13.26,36,2839.0
2020-12-30,13.4,13.24,12.89,13.0,84,9171.0
2020-12-31,13.225,12.56,12.55,13.04,86,7019.0
2021-01-04,13.0,12.24,12.05,12.94,88,11704.0
2021-01-05,12.15,12.15,11.59,12.04,47,6242.0
2021-01-06,14.64,13.87,12.04,12.04,50,4610.0
2021-01-07,13.54,13.07,12.85,13.54,66,5602.0
2021-01-08,13.47,12.9,12.86,13.47,43,1987.0
2021-01-11,12.69,12.49,12.49,12.66,115,3824.0
2021-01-12,12.67,12.65,12.4,12.49,35,3013.0
2021-01-13,13.09,13.09,12.46,12.6,33,2802.0
2021-01-14,13.06,12.95,12.95,12.97,87,5339.0
2021-01-15,13.0,13.0,12.85,12.85,101,5029.0
2021-01-19,13.76,13.25,13.06,13.76,113,7557.0
2021-01-20,13.25,13.25,13.25,13.25,29,1665.0
2021-01-21,13.65,13.25,13.25,13.25,45,2505.0
2021-01-22,13.76,13.76,13.08,13.08,14,3373.0
2021-01-25,13.99,13.55,13.55,13.99,97,4906.0
2021-01-26,14.0,14.0,13.7,13.7,109,4311.0
2021-01-27,13.96,13.68,13.36,13.96,191,7256.0
2021-01-28,13.99,13.255,13.25,13.99,84,5449.0
2021-01-29,13.4,13.05,12.75,13.4,185,13524.0
2021-02-01,14.0,13.99,13.08,13.08,53,4625.0
2021-02-02,14.0,13.99,13.78,13.99,27,1958.0
2021-02-03,13.89,13.89,13.76,13.81,42,2826.0
2021-02-04,14.0,13.99,13.585,13.85,43,2832.0
2021-02-05,14.36,14.36,13.88,13.95,88,6448.0
2021-02-08,14.71,14.19,13.76,14.71,72,4694.0
2021-02-09,14.73,14.53,13.97,13.97,55,1702.0
2021-02-10,14.65,14.15,14.0,14.65,45,2566.0
2021-02-11,14.57,14.57,14.14,14.14,19,1290.0
2021-02-12,14.44,14.4,14.15,14.15,42,2460.0
2021-02-16,14.46,14.45,14.35,14.45,40,3168.0
2021-02-17,14.53,14.53,14.35,14.35,22,1109.0
2021-02-18,14.5,14.5,14.42,14.42,68,4133.0
2021-02-19,14.65,14.65,14.44,14.44,24,2539.0
2021-02-22,14.65,14.65,14.31,14.36,59,4947.0
2021-02-23,14.97,14.87,14.65,14.65,31,1820.0
2021-02-24,15.25,15.03,15.0,15.0,56,5664.0
2021-02-25,15.44,15.17,15.08,15.08,54,4094.0
2021-02-26,15.39,15.06,15.06,15.39,36,3836.0
2021-03-01,15.37,15.11,15.11,15.37,62,1894.0
2021-03-02,15.29,15.29,14.92,14.92,119,4237.0
2021-03-03,15.71,15.5,15.2,15.45,37,2129.0
2021-03-04,16.03,15.82,15.62,15.62,133,6406.0
2021-03-05,16.88,16.61,15.84,15.84,78,4179.0
2021-03-08,16.78,16.62,16.35,16.78,66,3210.0
2021-03-09,16.8,16.78,16.66,16.66,74,2409.0
2021-03-10,16.99,16.98,16.57,16.66,86,3095.0
2021-03-11,17.0,16.7,16.5,17.0,122,14852.0
2021-03-12,16.89,16.88,16.88,16.89,14,1538.0
2021-03-15,16.94,16.94,16.7,16.75,75,5537.0
2021-03-16,16.69,16.54,16.16,16.69,228,16746.0
2021-03-17,16.4,16.1,16.1,16.37,40,2141.0
2021-03-18,16.18,16.18,16.1,16.1,107,3855.0
2021-03-19,16.3,16.1,15.91,16.3,107,32516.0
2021-03-22,15.92,15.84,15.77,15.92,48,1603.0
2021-03-23,15.79,15.77,15.74,15.75,61,3179.0
2021-03-24,16.1,15.75,15.75,15.96,50,2670.0
2021-03-25,15.73,15.73,15.5,15.58,40,2353.0
2021-03-26,15.715,15.715,15.61,15.61,34,1042.0
2021-03-29,15.81,15.71,15.59,15.59,67,5772.0
2021-03-30,15.76,15.75,15.68,15.68,58,3086.0
2021-03-31,15.88,15.85,15.75,15.75,54,3313.0
2021-04-01,15.91,15.87,15.75,15.91,27,2670.0
2021-04-05,15.75,15.68,15.6,15.75,58,5855.0
2021-04-06,15.81,15.81,15.7,15.75,85,3725.0
2021-04-07,15.81,15.65,15.65,15.81,380,6389.0
2021-04-08,15.62,15.62,15.57,15.6,136,5307.0
2021-04-09,15.76,15.76,15.57,15.57,25,1545.0
2021-04-12,15.8,15.7,15.5,15.7,70,4325.0
2021-04-13,15.73,15.65,15.61,15.73,42,2291.0
2021-04-14,15.7,15.7,15.6,15.6,34,1565.0
2021-04-15,15.76,15.65,15.65,15.76,80,2664.0
2021-04-16,15.89,15.65,15.65,15.89,46,3308.0
2021-04-19,15.64,15.6,15.55,15.64,98,3950.0
2021-04-20,15.59,15.59,15.55,15.55,10,1036.0
2021-04-21,15.68,15.6,15.6,15.67,134,4430.0
2021-04-22,15.62,15.45,15.45,15.62,168,5331.0
2021-04-23,15.55,15.55,15.5,15.5,123,3363.0
2021-04-26,15.7,15.7,15.56,15.56,85,3631.0
2021-04-27,15.75,15.75,15.67,15.67,164,5879.0
2021-04-28,15.72,15.7,15.7,15.71,187,4961.0
2021-04-29,15.84,15.81,15.8,15.84,137,5568.0
2021-04-30,16.03,15.82,15.82,15.89,259,10695.0
2021-05-03,15.855,15.85,15.8,15.83,182,6744.0
2021-05-04,15.89,15.88,15.85,15.85,117,4902.0
2021-05-05,16.02,15.85,15.85,16.02,255,10417.0
2021-05-06,15.84,15.84,15.81,15.81,43,2880.0
2021-05-07,15.85,15.85,15.77,15.77,120,3651.0
2021-05-10,15.89,15.75,15.75,15.84,187,6303.0
2021-05-11,15.81,15.65,15.65,15.66,77,2714.0
2021-05-12,15.67,15.65,15.59,15.59,146,7448.0
2021-05-13,15.76,15.75,15.63,15.63,53,1811.0
2021-05-14,16.17,16.07,15.8,15.8,88,5305.0
2021-05-17,15.99,15.88,15.78,15.99,52,1621.0
2021-05-18,15.94,15.86,15.76,15.82,92,4351.0
2021-05-19,15.88,15.88,15.75,15.76,122,3685.0
2021-05-20,16.06,15.96,15.87,15.87,255,5370.0
2021-05-21,16.14,16.07,16.01,16.07,44,2328.0
2021-05-24,16.12,16.09,16.01,16.04,72,3085.0
2021-05-25,16.12,15.75,15.75,16.1,68,4957.0
2021-05-26,16.02,16.01,15.66,15.66,109,6924.0
2021-05-27,16.06,15.8,15.77,16.06,80,4646.0
2021-05-28,16.05,15.91,15.81,15.85,86,5390.0
2021-06-01,15.92,15.9,15.88,15.91,97,4943.0
2021-06-02,16.15,16.07,15.93,15.93,135,7666.0
2021-06-03,16.67,16.67,16.15,16.15,111,4802.0
2021-06-04,16.48,16.15,16.15,16.48,73,3446.0
2021-06-07,16.33,16.15,16.15,16.15,85,2319.0
2021-06-08,16.22,16.22,16.15,16.15,26,1006.0
2021-06-09,16.23,16.23,16.15,16.15,16,1130.0
2021-06-10,16.31,16.27,16.27,16.3,111,9716.0
2021-06-11,16.35,16.34,16.3,16.35,86,4404.0
2021-06-14,16.36,16.3,16.3,16.36,135,4351.0
2021-06-15,16.47,16.47,16.3,16.3,96,5344.0
2021-06-16,16.68,16.68,16.27,16.36,71,6853.0
2021-06-17,16.6,16.6,16.57,16.57,58,3263.0
2021-06-18,16.52,16.52,16.5,16.5,74,10275.0
2021-06-21,16.74,16.7,16.5,16.5,331,9217.0
2021-06-22,16.63,16.6,16.6,16.6,99,3908.0
2021-06-23,16.62,16.62,16.6,16.6,135,7297.0
2021-06-24,16.6,16.58,16.5,16.59,267,10596.0
2021-06-25,16.63,16.5,16.41,16.58,316,385387.0
2021-06-28,16.6,16.6,16.58,16.59,112,1844.0
2021-06-29,16.59,16.51,16.5,16.53,172,11011.0
2021-06-30,16.65,16.64,16.52,16.52,43,1613.0
2021-07-01,16.74,16.71,16.64,16.64,47,1754.0
2021-07-02,16.65,16.6,16.6,16.65,94,4533.0
2021-07-06,16.6,16.55,16.55,16.6,172,8130.0
2021-07-07,16.6,16.6,16.55,16.55,191,8082.0
2021-07-08,16.6,16.6,16.55,16.6,238,12154.0
2021-07-09,16.67,16.64,16.62,16.67,112,5632.0
2021-07-12,16.63,16.6,16.6,16.6,41,2694.0
2021-07-13,16.6,16.6,16.6,16.6,73,2537.0
2021-07-14,16.64,16.6,16.6,16.64,43,992.0
2021-07-15,16.65,16.65,16.6,16.6,37,1237.0
2021-07-16,16.65,16.6,16.6,16.65,14,1946.0
2021-07-19,16.62,16.6,16.59,16.61,100,13816.0
2021-07-20,16.65,16.6,16.6,16.63,33,4543.0
2021-07-21,16.7,16.61,16.61,16.7,7,906.0
2021-07-22,16.7,16.7,16.62,16.67,84,3648.0
2021-07-23,16.75,16.66,16.63,16.63,34,2328.0
2021-07-26,16.71,16.71,16.71,16.71,8,100.0
2021-07-27,16.85,16.66,16.62,16.62,25,693.0
2021-07-28,16.7,16.7,16.65,16.65,11,149.0
2021-07-29,16.62,16.62,16.62,16.62,6,2518.0
2021-07-30,16.65,16.62,16.62,16.62,30,1232.0
2021-08-02,16.64,16.63,16.62,16.62,29,2019.0
2021-08-03,16.66,16.65,16.65,16.66,9,120.0
2021-08-04,16.77,16.62,16.62,16.77,57,1670.0
2021-08-05,16.96,16.96,16.79,16.79,28,1038.0
2021-08-06,16.98,16.93,16.93,16.98,7,118.0
2021-08-09,16.96,16.68,16.65,16.83,73,2009.0
2021-08-10,16.67,16.67,16.66,16.66,4,172.0
2021-08-11,16.93,16.93,16.72,16.72,12,342.0
2021-08-12,16.96,16.96,16.92,16.92,5,64.0
2021-08-13,16.85,16.68,16.68,16.85,7,328.0
2021-08-16,17.06,17.0,16.63,16.63,23,1224.0
2021-08-17,17.01,17.0,16.81,16.81,57,8420.0
2021-08-18,17.08,17.01,16.98,16.98,15,5250.0
2021-08-19,17.12,17.12,16.86,17.04,30,11614.0
2021-08-20,17.29,17.25,17.05,17.05,31,4902.0
2021-08-23,17.7,17.7,17.35,17.35,50,1461.0
2021-08-24,17.7,17.48,17.46,17.7,69,8288.0
2021-08-25,17.5,17.4,17.4,17.5,20,954.0
2021-08-26,17.48,17.48,17.48,17.48,24,627.0
2021-08-27,17.47,17.28,17.28,17.47,12,889.0
2021-08-30,17.48,17.3,17.25,17.48,67,5553.0
2021-08-31,17.32,17.3,17.3,17.32,21,1442.0
2021-09-01,17.42,17.25,17.25,17.42,9,61.0
2021-09-02,17.6,17.4,17.4,17.6,5,2141.0
2021-09-03,17.25,17.25,17.25,17.25,9,2047.0
2021-09-07,17.37,17.37,17.19,17.19,51,1375.0
2021-09-08,17.37,17.3,17.3,17.37,55,1239.0
2021-09-09,17.57,17.57,17.26,17.26,44,1369.0
2021-09-10,17.5,17.5,17.5,17.5,51,621.0
2021-09-13,17.58,17.58,17.45,17.58,73,1448.0
2021-09-14,17.47,17.45,17.45,17.47,46,985.0
2021-09-15,17.85,17.51,17.495,17.52,72,2389.0
2021-09-16,17.65,17.65,17.65,17.65,18,244.0
2021-09-17,18.55,18.54,17.68,17.68,83,12301.0
2021-09-20,18.23,17.53,17.53,18.23,44,1448.0
2021-09-21,17.79,17.79,17.55,17.72,68,1413.0
2021-09-22,17.7,17.7,17.7,17.7,38,238.0
2021-09-23,17.93,17.93,17.83,17.83,13,126.0
2021-09-24,17.8,17.8,17.58,17.75,114,19655.0
2021-09-27,17.85,17.85,17.65,17.83,25,2328.0
2021-09-28,17.75,17.75,17.75,17.75,5,194.0
2021-09-29,17.97,17.92,17.92,17.97,11,278.0
2021-09-30,17.97,17.97,17.8,17.8,10,464.0
2021-10-01,17.83,17.75,17.75,17.83,9,431.0
2021-10-04,17.9,17.62,17.62,17.9,13,369.0
2021-10-05,18.0,18.0,17.65,17.65,12,209.0
2021-10-06,18.48,18.48,17.65,17.65,18,1517.0
2021-10-07,18.46,18.46,18.13,18.13,11,785.0
2021-10-08,18.47,18.27,18.09,18.47,15,576.0
2021-10-11,18.46,18.46,18.36,18.36,3,103.0
2021-10-12,18.45,18.45,18.2,18.2,19,618.0
2021-10-13,18.42,18.1,18.1,18.42,2,17.0
2021-10-14,18.44,18.44,18.11,18.11,9,84.0
2021-10-15,18.23,18.13,18.13,18.23,7,253.0
2021-10-18,18.43,18.43,18.14,18.14,3,182.0
2021-10-19,18.37,18.22,18.22,18.37,4,88.0
2021-10-20,18.375,18.375,18.22,18.22,8,37.0
2021-10-21,18.28,18.28,18.25,18.25,13,411.0
2021-10-22,18.26,18.26,18.26,18.26,2,27.0
2021-10-25,18.28,18.28,18.25,18.26,30,1241.0
2021-10-26,18.34,18.34,18.29,18.29,3,101.0
2021-10-27,18.25,18.25,18.25,18.25,5,115.0
2021-10-28,18.37,18.25,18.25,18.37,15,395.0
2021-10-29,18.29,18.25,18.25,18.29,31,384.0
2021-11-01,18.27,18.27,18.25,18.25,13,217.0
2021-11-02,18.3,18.275,18.275,18.3,21,638.0
2021-11-03,18.39,18.39,18.25,18.25,3,89.0
2021-11-04,19.9,19.9,18.29,18.29,19,1662.0
2021-11-05,19.84,19.75,19.75,19.84,3,193.0
2021-11-08,19.42,18.63,18.63,19.42,6,280.0
2021-11-09,19.05,19.05,18.85,18.85,4,134.0
2021-11-10,18.99,18.58,18.58,18.99,6,27.0
2021-11-11,19.0,18.82,18.62,18.62,14,789.0
2021-11-12,19.04,19.04,19.01,19.01,8,52.0
2021-11-15,19.0,19.0,18.815,19.0,11,703.0
2021-11-16,19.0,18.99,18.78,18.78,26,766.0
2021-11-17,19.37,19.37,18.82,18.82,8,132.0
2021-11-18,19.18,18.97,18.97,19.18,9,142.0
2021-11-19,19.47,18.82,18.82,19.47,15,140.0
2021-11-22,18.71,18.63,18.63,18.71,18,513.0
2021-11-23,18.9,18.9,18.78,18.78,12,199.0
2021-11-24,18.75,18.75,18.61,18.75,52,2192.0
2021-11-26,18.66,18.52,18.52,18.66,4,11.0
2021-11-29,18.56,18.56,18.52,18.52,11,234.0
2021-11-30,18.74,18.74,18.52,18.52,26,722.0
2021-12-01,18.97,18.96,18.52,18.6,15,2560.0
2021-12-02,19.0,18.55,18.55,18.82,29,1446.0
2021-12-03,18.69,18.61,18.61,18.69,7,116.0
2021-12-06,18.8,18.8,18.8,18.8,10,69.0
2021-12-07,18.71,18.54,18.54,18.71,12,137.0
2021-12-08,18.79,18.79,18.61,18.61,9,324.0
2021-12-09,18.7,18.62,18.62,18.7,12,480.0
2021-12-10,19.0,18.75,18.56,18.56,22,909.0
2021-12-13,19.37,18.63,18.6,18.6,10,2107.0
2021-12-14,19.1,18.64,18.6,18.6,18,1394.0
2021-12-15,19.45,19.0,18.98,18.98,79,17949.0
2021-12-16,18.99,18.99,18.84,18.84,6,248.0
2021-12-17,18.99,18.99,18.75,18.75,5,300.0
2021-12-20,19.05,19.05,18.99,18.99,2,144.0
2021-12-21,19.0,19.0,18.87,18.87,4,84.0
2021-12-22,18.75,18.63,18.63,18.75,4,82.0
2021-12-23,18.76,18.68,18.68,18.76,52,88.0
2021-12-27,18.75,18.65,18.65,18.74,125,893.0
2021-12-28,18.69,18.69,18.61,18.61,56,1123.0
2021-12-29,18.69,18.61,18.61,18.69,19,447.0
2021-12-30,18.68,18.61,18.61,18.68,27,1204.0
2021-12-31,18.66,18.65,18.62,18.62,10,1180.0
2022-01-03,19.11,18.27,18.25,19.11,24,5283.0
2022-01-04,18.8,18.64,18.64,18.8,7,1018.0
2022-01-05,19.5,18.69,18.56,18.73,75,4840.0
2022-01-06,19.13,18.85,18.85,19.13,3,70.0
2022-01-07,19.18,18.71,18.71,19.18,21,34.0
2022-01-10,19.48,18.71,18.71,19.11,14,851.0
2022-01-11,18.99,18.82,18.82,18.89,6,195.0
2022-01-12,19.45,19.45,18.72,18.72,13,352.0
2022-01-13,19.54,19.54,19.45,19.45,3,96.0
2022-01-14,19.57,19.48,19.48,19.57,2,10.0
2022-01-18,19.45,19.45,19.45,19.45,9,191.0
2022-01-19,19.73,19.45,19.45,19.73,7,432.0
2022-01-20,19.2,19.2,19.2,19.2,26,506.0
2022-01-21,19.08,19.08,19.05,19.05,8,61.0
2022-01-24,19.27,19.06,19.06,19.27,10,197.0
2022-01-25,19.4,19.4,19.3,19.3,14,415.0
2022-01-26,19.45,19.4,19.4,19.45,25,248.0
2022-01-27,19.49,19.25,19.25,19.49,18,162.0
2022-01-28,19.5,19.5,19.35,19.41,18,1444.0
2022-01-31,19.45,19.04,19.04,19.45,28,1405.0
2022-02-01,19.44,19.44,19.19,19.19,10,255.0
2022-02-02,19.45,19.24,18.66,19.45,44,5385.0
2022-02-03,19.5,19.24,19.23,19.23,10,589.0
2022-02-04,19.34,19.17,19.17,19.34,6,20.0
2022-02-07,19.14,19.02,19.02,19.14,2,8.0
2022-02-08,19.0,18.84,18.84,19.0,13,153.0
2022-02-09,19.2,19.08,19.08,19.2,19,221.0
2022-02-10,19.2,19.2,19.08,19.08,5,78.0
2022-02-11,19.3,19.08,19.08,19.3,14,72.0
2022-02-14,19.29,19.1,19.1,19.29,10,486.0
2022-02-15,19.37,19.37,19.15,19.15,57,217.0
2022-02-16,19.37,19.01,19.01,19.37,23,1385.0
2022-02-17,19.45,19.45,18.67,18.67,5,326.0
2022-02-18,19.02,18.76,18.76,19.02,7,41.0
2022-02-22,19.16,18.66,18.66,19.16,8,76.0
2022-02-23,18.75,18.66,18.66,18.75,14,29.0
2022-02-24,18.65,18.47,18.47,18.65,4,113.0
2022-02-25,19.5,19.16,18.56,19.0,75,7427.0
2022-02-28,19.07,18.68,18.68,19.07,3,152.0
2022-03-01,18.8,18.39,18.39,18.58,60,2711.0
2022-03-02,18.85,18.41,18.41,18.82,19,774.0
2022-03-03,18.97,18.97,18.61,18.61,14,521.0
2022-03-04,19.03,19.0,18.91,18.91,45,8386.0
2022-03-07,19.12,19.06,19.06,19.12,3,274.0
2022-03-08,19.04,19.0,19.0,19.04,15,1364.0
2022-03-09,19.35,19.03,19.0,19.0,15,3352.0
2022-03-10,19.66,19.62,19.0,19.0,13,920.0
2022-03-11,19.7,19.5,19.5,19.7,7,699.0
2022-03-14,19.4,19.2,19.2,19.4,13,445.0
2022-03-15,19.3,19.3,19.23,19.23,14,611.0
2022-03-16,19.22,19.22,19.21,19.21,23,548.0
2022-03-17,20.67,20.67,19.3,19.3,66,3098.0
2022-03-18,21.49,21.49,20.02,20.26,101,2752.0
2022-03-21,22.4,21.35,21.35,21.66,155,5094.0
2022-03-22,21.7,21.2,21.2,21.29,31,968.0
2022-03-23,21.66,21.31,21.16,21.16,77,1189.0
2022-03-24,22.5,22.22,21.59,21.59,63,2736.0
2022-03-25,23.0,22.32,22.1,22.43,129,3033.0
2022-03-28,22.47,22.15,21.925,22.47,47,1873.0
2022-03-29,22.28,21.66,21.66,22.2,10,455.0
2022-03-30,22.0,21.24,21.24,22.0,37,2062.0
2022-03-31,22.675,20.86,20.86,21.68,108,3875.0
2022-04-01,20.9,20.36,20.2,20.2,31,1540.0
2022-04-04,21.24,20.84,20.75,20.8,70,3258.0
2022-04-05,21.49,21.25,21.03,21.03,22,496.0
2022-04-06,21.42,21.37,21.37,21.42,20,768.0
2022-04-07,21.37,20.74,20.74,21.37,20,381.0
2022-04-08,21.97,21.97,21.09,21.09,79,1648.0
2022-04-11,21.76,21.06,21.06,21.45,43,1117.0
2022-04-12,21.49,21.19,21.19,21.49,2,2.0
2022-04-13,21.7,21.41,21.3,21.3,34,562.0
2022-04-14,21.72,21.0,20.97,21.72,19,526.0
2022-04-18,21.07,20.75,20.75,21.07,10,192.0
2022-04-19,21.08,21.08,20.89,20.89,18,136.0
2022-04-20,21.13,20.3,20.26,21.13,25,1239.0
2022-04-21,20.68,20.68,20.55,20.55,3,12.0
2022-04-22,20.69,20.23,20.23,20.57,22,1003.0
2022-04-25,22.27,21.93,20.6,20.6,141,6442.0
2022-04-26,22.85,21.22,21.22,22.19,58,3520.0
2022-04-27,21.72,21.16,21.16,21.42,59,1843.0
2022-04-28,21.9,21.17,21.17,21.45,34,909.0
2022-04-29,21.5,21.45,21.45,21.45,23,1155.0
2022-05-02,21.98,21.46,21.24,21.48,100,1484.0
2022-05-03,21.7,21.62,21.17,21.7,32,1024.0
2022-05-04,21.73,21.73,21.55,21.55,7,38.0
2022-05-05,21.62,21.29,21.29,21.62,3,16.0
2022-05-06,21.55,21.55,20.94,21.43,26,776.0
2022-05-09,21.4,21.22,20.89,21.21,28,1162.0
2022-05-10,21.37,20.49,20.25,20.97,56,1828.0
2022-05-11,20.94,20.13,20.13,20.35,39,480.0
2022-05-12,20.21,19.84,19.84,20.05,22,794.0
2022-05-13,20.6,20.1,19.68,19.68,37,1475.0
2022-05-16,20.55,20.5,20.5,20.55,8,82.0
2022-05-17,20.4,19.97,19.72,20.28,68,1829.0
2022-05-18,20.36,20.0,20.0,20.36,28,232.0
2022-05-19,20.2,19.78,19.78,20.2,9,62.0
2022-05-20,20.11,19.82,19.82,20.11,36,1094.0
2022-05-23,19.89,19.47,19.47,19.89,76,3950.0
2022-05-24,19.51,18.84,18.84,19.51,46,2252.0
2022-05-25,19.1,19.1,18.81,18.81,8,505.0
2022-05-26,19.5,19.27,19.25,19.25,33,1090.0
2022-05-27,20.22,20.22,19.385,19.385,56,793.0
2022-05-31,20.52,20.28,20.05,20.24,12,468.0
2022-06-01,20.24,19.6,19.6,20.24,70,614.0
2022-06-02,20.4,19.77,19.77,19.93,27,888.0
2022-06-03,20.25,20.08,20.0,20.12,16,1269.0
2022-06-06,20.31,20.2,20.0,20.3,16,692.0
2022-06-07,20.3,19.75,19.75,20.01,22,1081.0
2022-06-08,19.95,19.95,19.36,19.84,28,1710.0
2022-06-09,20.11,19.31,19.31,19.58,81,3106.0
2022-06-10,19.94,19.66,19.66,19.94,8,30.0
2022-06-13,19.32,19.31,19.31,19.32,35,2083.0
2022-06-14,19.06,18.6,18.43,19.06,53,2899.0
2022-06-15,18.8,18.69,18.69,18.8,24,1523.0
2022-06-16,18.7,18.7,18.41,18.41,43,3692.0
2022-06-17,18.65,18.63,18.5,18.65,43,1820.0
2022-06-21,18.66,18.66,18.6,18.65,20,1382.0
2022-06-22,18.64,18.64,18.35,18.52,38,6709.0
2022-06-23,18.62,18.41,18.41,18.62,15,492.0
2022-06-24,18.44,18.32,18.32,18.44,29,2015.0
2022-06-27,18.95,18.33,18.33,18.95,44,1545.0
2022-06-28,18.85,18.36,18.36,18.85,31,233.0
2022-06-29,18.75,18.75,18.75,18.75,1,23.0
2022-06-30,18.41,18.41,18.41,18.41,11,95.0
2022-07-01,18.75,18.75,18.73,18.73,24,781.0
2022-07-05,19.0,18.53,18.53,19.0,13,181.0
2022-07-06,18.6,18.6,18.55,18.55,3,3012.0
2022-07-07,18.99,18.99,18.74,18.74,4,101.0
2022-07-08,18.99,18.74,18.65,18.99,16,986.0
2022-07-11,19.0,19.0,18.75,18.75,6,475.0
2022-07-12,18.97,18.95,18.95,18.97,9,157.0
2022-07-13,18.8,18.8,18.75,18.76,30,2042.0
2022-07-14,18.99,18.99,18.7,18.7,11,87.0
2022-07-15,19.1,19.1,18.75,18.75,13,641.0
2022-07-18,19.56,19.21,19.21,19.56,7,36.0
2022-07-19,20.17,19.43,19.43,19.61,70,1533.0
2022-07-20,19.6,19.38,19.38,19.6,20,231.0
2022-07-21,19.2,19.0,19.0,19.2,17,1046.0
2022-07-22,19.245,19.245,18.96,18.96,12,144.0
2022-07-25,19.28,19.24,19.24,19.28,6,81.0
2022-07-26,19.89,19.37,19.14,19.14,29,1250.0
2022-07-27,19.79,19.76,19.76,19.79,9,44.0
2022-07-28,21.37,20.05,19.41,19.84,59,3151.0
2022-07-29,20.74,20.5,20.5,20.51,18,740.0
2022-08-01,20.7,19.55,19.55,20.7,36,7160.0
2022-08-02,19.64,19.12,19.12,19.64,20,240.0
2022-08-03,19.23,19.12,19.12,19.23,8,178.0
2022-08-04,19.94,19.51,19.26,19.49,25,1253.0
2022-08-05,20.0,19.08,19.08,19.11,50,1712.0
2022-08-08,19.35,19.15,19.15,19.28,12,4008.0
2022-08-09,19.2,19.11,19.11,19.18,44,560.0
2022-08-10,19.5,19.37,19.26,19.26,25,547.0
2022-08-11,19.59,19.59,19.36,19.36,6,62.0
2022-08-12,19.38,19.26,19.26,19.38,11,229.0
2022-08-15,20.58,20.005,19.47,19.47,50,2641.0
2022-08-16,20.4,20.4,19.86,19.86,17,970.0
2022-08-17,20.04,19.86,19.86,20.04,3,17.0
2022-08-18,19.85,19.76,19.76,19.85,6,74.0
2022-08-19,20.01,19.62,19.62,20.01,7,45.0
2022-08-22,19.63,19.55,19.55,19.63,3,15.0
2022-08-23,20.0,19.75,19.75,20.0,9,238.0
2022-08-24,20.0,20.0,19.68,19.68,18,139.0
2022-08-25,20.0,20.0,20.0,20.0,7,43.0
2022-08-26,19.99,19.695,19.3,19.99,17,460.0
2022-08-29,19.7,19.38,19.35,19.35,3,136.0
2022-08-30,19.71,19.3,19.3,19.62,17,1182.0
2022-08-31,19.97,19.36,19.36,19.79,10,1626.0
2022-09-01,19.52,19.4,19.36,19.52,4,374.0
2022-09-02,19.85,19.85,19.48,19.48,6,106.0
2022-09-06,20.0,19.95,19.64,19.99,19,1335.0
2022-09-07,19.57,19.36,19.36,19.57,5,5.0
2022-09-08,19.79,19.56,19.56,19.79,6,553.0
2022-09-09,19.8,19.39,19.39,19.8,7,27.0
2022-09-12,19.95,19.23,19.22,19.61,39,2316.0
2022-09-13,19.33,19.28,19.2,19.2,7,208.0
2022-09-14,19.36,19.25,19.25,19.36,12,1534.0
2022-09-15,19.38,19.38,19.15,19.15,19,319.0
2022-09-16,20.5,20.5,19.47,19.47,78,5369.0
2022-09-19,19.9,19.8,19.8,19.9,10,553.0
2022-09-20,20.0,20.0,19.6,19.61,34,1281.0
2022-09-21,19.71,19.71,19.65,19.65,4,66.0
2022-09-22,20.1,20.1,19.8,19.8,9,32.0
2022-09-23,19.9,19.51,19.51,19.8,47,1729.0
2022-09-26,19.7,19.6,19.6,19.64,15,537.0
2022-09-27,19.81,19.6,19.6,19.81,24,1498.0
2022-09-28,19.76,19.76,19.73,19.73,2,503.0
2022-09-29,20.2,20.2,19.75,19.75,26,2141.0
2022-09-30,20.19,19.62,19.62,19.83,7,765.0
2022-10-03,20.37,20.37,19.83,19.83,7,298.0
2022-10-04,20.38,19.85,19.85,20.38,14,188.0
2022-10-05,19.82,19.76,19.76,19.82,3,204.0
2022-10-06,19.85,19.85,19.79,19.79,8,180.0
2022-10-07,19.58,19.32,19.32,19.58,4,134.0
2022-10-10,19.75,19.75,19.2,19.2,6,29.0
2022-10-11,19.75,19.5,19.5,19.75,8,360.0
2022-10-13,20.0,19.55,19.55,20.0,7,332.0
2022-10-14,19.65,19.65,19.52,19.52,7,96.0
2022-10-17,19.95,19.41,19.41,19.95,7,79.0
2022-10-18,20.0,20.0,19.55,19.55,16,390.0
2022-10-19,20.5,19.48,19.48,20.0,15,2114.0
2022-10-20,20.4,20.4,19.75,19.75,13,281.0
2022-10-21,20.07,19.6,19.6,20.07,4,217.0
2022-10-24,20.03,19.58,19.58,20.03,7,150.0
2022-10-25,24.56,24.5,23.28,24.56,389,40385.0
2022-10-26,24.83,24.39,24.39,24.5,731,57691.0
2022-10-27,25.25,25.0,24.63,24.63,327,18429.0
2022-10-28,25.8,25.79,25.03,25.03,236,28556.0
2022-10-31,25.9,25.7,25.66,25.9,159,23373.0
2022-11-01,25.9,25.65,25.62,25.76,319,17357.0
2022-11-02,25.8,25.67,25.61,25.73,59,3532.0
2022-11-03,25.31,25.3,25.07,25.31,11,396.0
2022-11-04,25.35,25.35,25.21,25.3,137,15320.0
2022-11-07,25.46,25.45,25.26,25.31,205,13982.0
2022-11-08,25.46,25.39,25.32,25.4,86,3163.0
2022-11-09,25.28,25.2,25.19,25.28,34,2261.0
2022-11-10,25.345,25.25,25.16,25.21,215,14829.0
2022-11-11,25.26,25.1,25.1,25.25,68,2960.0
2022-11-14,25.2,25.0,25.0,25.2,10,379.0
2022-11-15,25.13,25.05,24.95,24.99,129,10651.0
2022-11-16,25.18,25.18,24.87,24.87,3,286.0
2022-11-17,25.16,25.02,25.0,25.01,187,10661.0
2022-11-18,25.33,25.31,25.19,25.2,109,8521.0
2022-11-21,25.43,25.43,25.3,25.3,371,21588.0
2022-11-22,25.53,25.45,25.41,25.43,194,19458.0
2022-11-23,25.31,25.2,25.2,25.28,50,3763.0
2022-11-25,25.4,25.4,25.25,25.25,107,5672.0
2022-11-28,25.4,25.3,25.23,25.4,64,5233.0
2022-11-29,25.37,25.37,25.16,25.3,91,9636.0
2022-11-30,25.8,25.8,25.06,25.06,280,26572.0
2022-12-01,25.99,25.99,25.76,25.8,46,2454.0
2022-12-02,25.95,25.9,25.62,25.85,86,3975.0
2022-12-05,25.95,25.54,25.51,25.95,24,1486.0
2022-12-06,25.5,25.32,25.22,25.5,12,948.0
2022-12-07,25.16,24.98,24.83,25.16,44,2745.0
2022-12-08,25.26,25.26,24.78,24.78,170,14655.0
2022-12-09,25.57,25.41,25.41,25.57,2,28.0
2022-12-12,25.32,25.32,25.27,25.27,55,3645.0
2022-12-13,25.8,25.1,25.08,25.46,36,2622.0
2022-12-14,25.1,25.0,25.0,25.1,22,1334.0
2022-12-15,24.96,24.08,24.08,24.96,25,1406.0
2022-12-16,24.19,24.08,24.06,24.08,14,2065.0
2022-12-19,24.23,24.05,24.0,24.0,54,2437.0
2022-12-20,24.16,23.89,23.89,24.06,30,2119.0
2022-12-21,24.41,24.41,23.96,23.96,14,672.0
2022-12-22,24.29,24.29,23.9,24.06,79,3042.0
2022-12-23,24.9,24.9,24.07,24.07,70,4307.0
2022-12-27,24.88,24.36,24.36,24.88,65,936.0
2022-12-28,24.42,24.36,24.36,24.42,14,422.0
2022-12-29,24.76,24.4,24.39,24.39,38,820.0
2022-12-30,24.42,24.42,24.32,24.32,49,1826.0
2023-01-03,24.64,24.36,24.36,24.45,45,547.0
2023-01-04,24.92,24.92,24.52,24.82,26,1077.0
2023-01-05,24.85,24.8,24.8,24.85,12,495.0
2023-01-06,25.08,25.08,24.75,24.75,22,861.0
2023-01-09,25.18,25.18,25.11,25.15,13,557.0
2023-01-10,25.17,24.99,24.9,25.11,95,5380.0
