Date,HIGH,CLOSE,LOW,OPEN,COUNT,VOLUME
2013-01-02,14.425,14.3725,14.1775,14.1825,517,273724
2013-01-03,14.4625,14.315,14.26,14.325,445,198776
2013-01-04,14.5675,14.49,14.29,14.33,498,222728
2013-01-07,14.445,14.4075,14.2575,14.395,345,167100
2013-01-08,14.41,14.37,14.3275,14.385,261,121372
2013-01-09,14.4925,14.48,14.345,14.375,438,203824
2013-01-10,14.8725,14.785,14.5775,14.6375,682,343884
2013-01-11,14.8325,14.8225,14.7025,14.7825,312,150456
2013-01-14,14.87,14.71,14.7,14.7725,396,188872
2013-01-15,14.6475,14.4875,14.3375,14.6075,532,267364
2013-01-16,14.485,14.41,14.3475,14.445,256,116448
2013-01-17,14.7775,14.6425,14.4075,14.4175,352,161224
2013-01-18,15.0475,15.025,14.5775,14.6425,1214,650920
2013-01-22,14.65,14.475,14.2825,14.5475,942,452556
2013-01-23,14.7025,14.6075,14.46,14.49,741,343044
2013-01-24,15.055,14.95,14.53,14.5925,1311,715816
2013-01-25,14.8825,14.8175,14.16,14.16,2136,1094368
2013-01-28,15.0075,14.9675,14.7825,14.88,992,487656
2013-01-29,14.95,14.7775,14.6725,14.885,796,352284
2013-01-30,14.815,14.6575,14.5975,14.815,533,261140
2013-01-31,14.7325,14.5875,14.49,14.68,606,270840
2013-02-01,14.6825,14.55,14.5475,14.68,477,225152
2013-02-04,14.5975,14.3675,14.3425,14.5575,420,219984
2013-02-05,14.6275,14.5075,14.44,14.46,550,241576
2013-02-06,14.515,14.4325,14.395,14.4475,274,131800
2013-02-07,14.415,14.26,14.17,14.4075,730,399712
2013-02-08,14.45,14.4425,14.2225,14.2275,498,227916
2013-02-11,14.7625,14.6625,14.41,14.4425,468,219396
2013-02-12,14.775,14.6925,14.605,14.65,419,182136
2013-02-13,14.6975,14.61,14.4375,14.6775,397,176160
2013-02-14,14.6225,14.3825,14.365,14.565,320,150136
2013-02-15,14.5025,14.3575,14.2575,14.4125,477,224924
2013-02-19,14.415,14.3,14.2575,14.415,448,211036
2013-02-20,14.29,13.9925,13.965,14.2875,816,363884
2013-02-21,13.9775,13.7725,13.7,13.955,568,259264
2013-02-22,13.855,13.74,13.59,13.855,412,204116
2013-02-25,13.8025,13.635,13.625,13.78,705,306608
2013-02-26,13.6725,13.525,13.385,13.6725,488,240948
2013-02-27,13.7575,13.7175,13.5,13.5,264,116324
2013-02-28,13.845,13.74,13.6325,13.72,381,170224
2013-03-01,13.7525,13.73,13.6575,13.71,816,363244
2013-03-04,13.875,13.845,13.6475,13.68,334,159384
2013-03-05,14.1625,14.12,13.8525,13.875,524,230320
2013-03-06,14.425,14.335,14.12,14.17,791,381444
2013-03-07,14.4375,14.43,14.3625,14.365,416,196440
2013-03-08,14.7,14.4125,14.39,14.5125,499,219692
2013-03-11,14.5825,14.57,14.3925,14.45,243,121628
2013-03-12,14.665,14.6175,14.5175,14.555,428,191148
2013-03-13,14.635,14.6225,14.5375,14.62,314,152220
2013-03-14,14.675,14.6625,14.5975,14.66,222,105860
2013-03-15,14.72,14.7,14.57875,14.6625,230,133636
2013-03-18,14.59,14.5375,14.4625,14.59,566,246612
2013-03-19,14.6625,14.5825,14.52125,14.5275,405,183404
2013-03-20,14.73,14.7,14.6,14.675,246,116304
2013-03-21,14.71,14.6575,14.5075,14.675,364,172528
2013-03-22,14.74,14.4775,14.38,14.6825,909,455872
2013-03-25,14.685,14.4225,14.29375,14.53,543,258024
2013-03-26,14.495,14.3775,14.31,14.495,338,161964
2013-03-27,14.5175,14.4875,14.3025,14.3025,351,155200
2013-03-28,14.81,14.7575,14.415,14.415,722,364176
2013-04-01,14.8075,14.5175,14.4625,14.8075,883,407836
2013-04-02,14.5925,14.46,14.3725,14.5925,441,205396
2013-04-03,14.4875,14.3475,14.1975,14.445,933,431376
2013-04-04,14.6425,14.61,14.2525,14.3475,801,348172
2013-04-05,14.385,14.33,14.12,14.385,901,426752
2013-04-08,14.33,14.035,13.8975,14.33,323,158536
2013-04-09,14.075,13.935,13.8575,14.0425,324,161808
2013-04-10,14.1925,14.155,13.945,13.9825,300,137812
2013-04-11,14.2225,14.115,14.0875,14.2,157,84544
2013-04-12,14.1025,14.0825,13.91,14.0375,204,99120
2013-04-15,14.0275,13.8475,13.7625,14.0175,487,224904
2013-04-16,14.0925,14.0625,13.84,13.9475,269,139376
2013-04-17,13.9775,13.8925,13.7575,13.9725,372,178056
2013-04-18,13.99,13.65,13.625,13.99,530,248720
2013-04-19,13.69,13.645,13.41,13.69,598,263324
2013-04-22,13.835,13.815,13.6325,13.6325,765,361620
2013-04-23,14.04,13.9925,13.835,13.835,350,159676
2013-04-24,14.235,14.065,13.9375,13.9375,1296,587424
2013-04-25,15.97,15.8775,14.7775,14.95,4596,2369684
2013-04-26,16.0775,15.9175,15.81,15.81,1123,540548
2013-04-29,16.125,16.0125,15.93,15.93,845,370824
2013-04-30,16.6475,16.3475,16.025,16.025,912,399604
2013-05-01,16.505,16.4475,16.215,16.3475,553,276760
2013-05-02,16.605,16.4675,16.455,16.47,499,236920
2013-05-03,16.75,16.6225,16.475,16.5525,401,192556
2013-05-06,16.85,16.66,16.53,16.6325,754,378672
2013-05-07,17.09,17.0425,16.5925,16.6475,537,241540
2013-05-08,17.235,17.23,16.9675,17.005,673,300556
2013-05-09,17.2975,17.22,17.1525,17.2525,1206,529360
2013-05-10,17.4,17.25,17.0975,17.145,911,454012
2013-05-13,17.325,17.2125,17.02,17.205,452,202596
2013-05-14,17.41,17.36,17.0975,17.15,332,152952
2013-05-15,17.4075,17.2025,17.165,17.24,475,272136
2013-05-16,17.6675,17.16,17.1475,17.2225,781,388984
2013-05-17,17.595,17.48,17.075,17.275,774,397088
2013-05-20,17.7025,17.5675,17.49,17.4975,219,104416
2013-05-21,17.8,17.57,17.41,17.595,605,269692
2013-05-22,17.5875,16.9475,16.845,17.5475,851,383384
2013-05-23,17.3125,17.0525,16.8525,16.895,633,277368
2013-05-24,17.1375,17.0625,16.8625,16.8625,308,164752
2013-05-28,17.49,17.02,16.95,17.355,549,251484
2013-05-29,17.0225,17.0125,16.845,16.9225,396,172840
2013-05-30,17.2075,17.1875,16.9975,17.0125,212,92532
2013-05-31,17.1475,16.99,16.9725,17.1275,424,202424
2013-06-03,17.4275,17.415,16.9975,17.0,1078,528064
2013-06-04,17.695,17.6225,17.3275,17.4425,693,340276
2013-06-05,17.7325,17.555,17.5125,17.5425,657,331236
2013-06-06,17.985,17.9275,17.525,17.525,742,326616
2013-06-07,18.36,18.3325,18.02,18.02,822,400808
2013-06-10,18.4425,18.3425,18.1425,18.44,765,396776
2013-06-11,18.2875,18.0475,18.0425,18.2175,407,211640
2013-06-12,18.1525,17.8275,17.7775,18.0875,434,205692
2013-06-13,18.41,18.31,17.74,17.9175,626,286092
2013-06-14,18.34,17.8475,17.76,18.34,523,259724
2013-06-17,17.945,17.72,17.6525,17.93,566,252444
2013-06-18,18.025,17.97,17.73,17.765,466,203632
2013-06-19,18.095,17.925,17.8625,18.0175,332,152864
2013-06-20,17.8075,17.355,17.31,17.725,521,223900
2013-06-21,17.425,17.155,16.8325,17.425,1930,1236192
2013-06-24,16.9075,16.61,16.38,16.8675,1078,512120
2013-06-25,16.8925,16.8625,16.7025,16.7325,721,352876
2013-06-26,17.0875,17.0,16.9275,17.0325,474,230364
2013-06-27,17.4875,17.2675,17.1025,17.1025,462,225552
2013-06-28,17.305,17.1175,17.07,17.225,453,201324
2013-07-01,17.34,17.28,17.0925,17.2075,212,105556
2013-07-02,17.4475,17.32,17.1325,17.255,572,248440
2013-07-03,17.365,17.2675,17.205,17.2175,362,154928
2013-07-05,17.495,17.3575,17.11,17.3925,460,216344
2013-07-08,17.54,17.3125,17.1425,17.4425,303,136432
2013-07-09,17.4625,17.3875,17.2225,17.37,229,106988
2013-07-10,17.5525,17.5075,17.325,17.415,207,91780
2013-07-11,17.8575,17.7725,17.5375,17.7725,276,121416
2013-07-12,17.8225,17.6875,17.6325,17.7275,233,106424
2013-07-15,17.6875,17.55,17.5275,17.6875,413,180048
2013-07-16,17.525,17.3475,17.3475,17.525,324,139892
2013-07-17,17.44,17.275,17.22,17.365,444,199624
2013-07-18,17.495,17.2225,17.105,17.25,679,302112
2013-07-19,17.4025,17.355,17.0975,17.1575,537,237112
2013-07-22,17.4825,17.475,17.3775,17.4175,745,325964
2013-07-23,17.8125,17.7325,17.495,17.4975,607,282420
2013-07-24,17.93,17.875,17.69,17.91,739,349468
2013-07-25,18.11,18.0225,17.85,17.85,645,288620
2013-07-26,18.0825,17.8775,17.735,17.88,498,223836
2013-07-29,18.035,17.92,17.82,17.82,550,249860
2013-07-30,17.8825,16.865,16.8,17.875,1720,787172
2013-07-31,17.885,17.6325,17.035,17.1075,1890,893032
2013-08-01,17.295,16.5825,16.4175,16.8925,2242,1095796
2013-08-02,16.575,16.265,16.1625,16.575,699,305176
2013-08-05,16.4225,16.275,16.1225,16.2075,375,178844
2013-08-06,16.6025,16.585,16.1725,16.2675,790,366032
2013-08-07,16.68,16.625,16.355,16.525,878,400616
2013-08-08,16.9925,16.9675,16.595,16.705,790,365208
2013-08-09,17.1225,16.825,16.785,16.955,663,289784
2013-08-12,17.125,16.9825,16.6975,16.7525,2049,1200208
2013-08-13,17.2525,17.12,16.9125,17.0025,864,487652
2013-08-14,17.35,17.3325,17.115,17.175,975,494832
2013-08-15,17.28,16.955,16.8975,17.1225,921,427796
2013-08-16,17.1825,17.095,16.92,16.93,828,423896
2013-08-19,17.185,16.9325,16.8925,17.095,787,398744
2013-08-20,17.18,17.1325,16.875,16.955,312,175116
2013-08-21,17.2375,17.015,16.9325,17.1,595,283532
2013-08-22,17.4075,17.3525,17.065,17.095,333,164172
2013-08-23,17.58,17.47,17.25,17.3825,618,298040
2013-08-26,17.605,17.5025,17.4075,17.515,318,135220
2013-08-27,17.445,17.3525,17.1225,17.425,600,277044
2013-08-28,17.3475,17.2,17.0975,17.2925,271,120996
2013-08-29,17.4525,17.355,17.1775,17.1775,197,84736
2013-08-30,17.44,17.175,17.1525,17.4025,256,110556
2013-09-03,17.5125,17.33,17.2925,17.37,418,194096
2013-09-04,17.6075,17.5675,17.265,17.3625,305,145228
2013-09-05,17.7425,17.6375,17.4825,17.5725,330,144904
2013-09-06,17.78,17.665,17.61,17.7375,457,212296
2013-09-09,18.075,17.845,17.805,17.88,448,256540
2013-09-10,17.95,17.8775,17.73,17.95,471,240828
2013-09-11,18.1125,18.0325,17.7975,17.7975,362,158796
2013-09-12,18.1225,18.03,17.985,18.0575,183,80704
2013-09-13,18.155,17.83,17.805,18.155,393,185148
2013-09-16,18.2775,18.1325,17.9975,17.9975,788,352560
2013-09-17,18.2725,18.23,18.13,18.1575,317,140832
2013-09-18,18.3925,18.295,18.11,18.265,298,154612
2013-09-19,18.4475,18.4175,18.0925,18.3625,402,185900
2013-09-20,18.41375,18.19,18.1825,18.3775,223,145248
2013-09-23,18.655,18.6025,18.2,18.555,529,272492
2013-09-24,18.8375,18.685,18.365,18.555,446,209852
2013-09-25,18.6775,18.545,18.455,18.6775,269,118908
2013-09-26,18.71,18.5975,18.4725,18.4875,492,252736
2013-09-27,18.965,18.9,18.5575,18.5575,187,84112
2013-09-30,18.9725,18.6625,18.6525,18.715,295,190288
2013-10-01,19.01,18.8475,18.7275,18.7525,365,165676
2013-10-02,19.0625,18.9175,18.67,18.67,217,98800
2013-10-03,18.8925,18.635,18.54375,18.7975,180,90980
2013-10-04,18.6875,18.6375,18.5425,18.58,465,245732
2013-10-07,18.6875,18.615,18.515,18.52,266,124908
2013-10-08,18.65,18.4075,18.3025,18.59,401,191572
2013-10-09,18.5125,18.2875,18.1725,18.5125,560,260052
2013-10-10,18.8125,18.615,18.3575,18.3775,221,111452
2013-10-11,18.84,18.8125,18.55,18.5825,144,70164
2013-10-14,18.8925,18.87,18.5475,18.69,118,55452
2013-10-15,19.0975,18.7975,18.7625,18.865,248,112444
2013-10-16,19.105,19.0225,18.835,18.835,252,115324
2013-10-17,19.1475,18.9975,18.825,18.96,376,174444
2013-10-18,19.05,18.755,18.62,19.0275,485,228192
2013-10-21,19.38,19.22,18.71,18.75,348,159592
2013-10-22,19.495,19.435,19.23,19.3425,325,147352
2013-10-23,19.49,19.3425,19.15,19.425,613,292484
2013-10-24,19.49,19.42,19.19,19.3425,408,223644
2013-10-25,19.5,19.455,19.2275,19.4025,326,182276
2013-10-28,19.5275,19.3075,19.2925,19.475,583,272740
2013-10-29,19.3875,18.37,18.37,19.2525,1965,899252
2013-10-30,18.9225,18.775,18.2975,18.2975,1236,546084
2013-10-31,18.415,18.335,17.54,17.79,1987,940596
2013-11-01,18.7725,18.35,18.2725,18.3325,619,287688
2013-11-04,18.725,18.595,18.3975,18.3975,491,238176
2013-11-05,20.8825,20.375,19.3775,20.755,3036,1637468
2013-11-06,20.8275,20.8025,20.0,20.5,994,537748
2013-11-07,21.8325,20.745,20.7375,20.8925,1506,722344
2013-11-08,21.1,20.9425,20.6825,20.715,530,258060
2013-11-11,21.2575,21.2175,20.855,20.965,573,330204
2013-11-12,21.4325,21.3175,21.0825,21.1425,312,157372
2013-11-13,21.705,21.605,21.22,21.22,399,199768
2013-11-14,21.685,21.2525,21.2225,21.6525,666,346708
2013-11-15,21.33,21.075,21.0675,21.19,628,305732
2013-11-18,21.80625,21.595,21.1225,21.1225,1135,622936
2013-11-19,21.715,21.3675,21.3275,21.41,952,510324
2013-11-20,21.5475,21.12,21.005,21.3425,405,189280
2013-11-21,21.185,21.0875,20.8175,21.1425,442,235732
2013-11-22,21.2975,20.9875,20.94,21.17,411,184412
2013-11-25,21.545,21.46,20.9,21.07,797,409300
2013-11-26,21.4375,21.3925,21.2025,21.4325,358,199844
2013-11-27,21.4475,21.2675,21.1225,21.4475,187,82888
2013-11-29,21.525,21.4225,21.2825,21.2875,217,104388
2013-12-02,22.0375,21.73,21.2125,21.285,1131,533460
2013-12-03,22.0025,21.755,21.515,21.6825,649,291588
2013-12-04,21.83625,21.7675,21.655,21.6725,503,227416
2013-12-05,22.4075,22.22,21.9,22.075,1527,825064
2013-12-06,22.365,22.0875,21.9325,22.345,734,345576
2013-12-09,22.1975,22.1825,22.03,22.14,1326,557428
2013-12-10,22.3725,22.3475,22.0175,22.0175,954,419300
2013-12-11,22.4075,21.98,21.9325,22.29,983,391548
2013-12-12,22.035,21.9125,21.495,21.82,1181,439792
2013-12-13,22.15,21.995,21.88,21.9775,1099,423652
2013-12-16,22.275,22.275,22.005,22.005,451,163328
2013-12-17,22.7275,22.2825,22.205,22.2075,1226,486376
2013-12-18,22.45,22.4025,22.0025,22.25,699,251544
2013-12-19,22.7325,22.64,22.4125,22.4125,688,249560
2013-12-20,22.95,22.91,22.565,22.59,625,310980
2013-12-23,23.255,23.045,22.9825,23.095,873,309680
2013-12-24,23.2675,23.035,22.905,23.0625,630,205568
2013-12-26,23.125,22.88,22.7475,23.1175,847,301712
2013-12-27,22.8975,22.8,22.6625,22.8125,818,281520
2013-12-30,23.325,23.1625,22.83,22.83,788,246104
2013-12-31,23.215,22.99,22.9225,23.215,498,177404
2014-01-02,23.1825,22.9325,22.8325,22.8825,894,308808
2014-01-03,23.2175,23.1775,22.9825,22.9825,575,218780
2014-01-06,23.255,23.0925,22.78,23.255,890,285808
2014-01-07,23.2275,23.1175,22.99,23.0825,817,318276
2014-01-08,23.5775,23.51,23.09,23.1625,826,245988
2014-01-09,23.5525,22.515,22.4825,23.5525,1309,398748
2014-01-10,22.5075,22.3275,22.2475,22.46,669,222884
2014-01-13,22.51,22.2425,22.22625,22.335,738,257244
2014-01-14,22.3025,22.16,22.03,22.3025,803,298528
2014-01-15,22.915,22.675,22.1425,22.1425,1602,613056
2014-01-16,22.7175,22.5,22.3225,22.605,706,276340
2014-01-17,22.59,22.5575,22.365,22.5675,931,334040
2014-01-21,22.8625,22.745,22.57,22.7125,1304,478516
2014-01-22,22.885,22.6575,22.6525,22.815,862,297692
2014-01-23,22.71,22.655,22.1975,22.545,1237,569412
2014-01-24,26.045,25.04,24.775,24.9175,6014,2411224
2014-01-27,25.1925,23.8225,23.6275,25.1175,2421,930504
2014-01-28,24.66,24.5725,23.7825,23.885,1648,640612
2014-01-29,24.69125,24.295,24.0975,24.5725,1351,442160
2014-01-30,24.855,24.7,24.33,24.33,1400,500696
2014-01-31,24.88,24.725,24.485,24.88,1175,510184
2014-02-03,24.9575,24.505,24.32,24.915,1576,558736
2014-02-04,24.7,24.62,24.345,24.5275,707,258872
2014-02-05,24.8075,24.7225,24.2625,24.5025,788,262476
2014-02-06,24.8275,24.7175,24.56,24.8275,882,295116
2014-02-07,25.205,24.9925,24.7525,24.7925,920,335116
2014-02-10,25.03,24.88,24.6625,25.005,710,243448
2014-02-11,25.345,25.2075,24.925,24.925,642,227512
2014-02-12,25.6825,25.4425,25.375,25.375,824,284472
2014-02-13,26.035,25.7475,25.39,25.39,994,322096
2014-02-14,25.9975,25.5125,25.4825,25.9,804,291936
2014-02-18,25.8975,25.5275,25.4675,25.675,1359,417516
2014-02-19,26.43,25.34,25.115,25.645,1350,235768
2014-02-20,25.57,25.485,25.29,25.41,1315,220692
2014-02-21,26.06,25.785,25.465,25.465,2201,397522
2014-02-24,26.125,25.73,25.63,25.915,1033,174930
2014-02-25,25.66,25.11,25.035,25.66,1156,220420
2014-02-26,25.345,25.195,25.0,25.255,1349,275914
2014-02-27,25.56,25.425,25.18,25.265,676,121102
2014-02-28,25.65,25.485,25.35,25.505,718,146718
2014-03-03,25.345,25.235,24.945,25.345,1016,199038
2014-03-04,25.845,25.355,25.23,25.52,1258,265738
2014-03-05,25.395,25.32,25.105,25.36,887,141746
2014-03-06,25.39,25.23,25.16,25.35,789,158406
2014-03-07,25.38,25.125,25.02,25.38,553,101192
2014-03-10,25.06,24.85,24.74,25.06,646,137526
2014-03-11,25.03,24.87,24.775,24.835,722,136050
2014-03-12,24.825,24.7,24.475,24.705,787,144154
2014-03-13,24.975,24.225,24.045,24.735,1121,209476
2014-03-14,24.395,24.03,23.99,24.265,595,117400
2014-03-17,24.52,24.35,24.13,24.165,652,115668
2014-03-18,24.81,24.69,24.385,24.45,1458,280812
2014-03-19,24.9,24.34,24.075,24.9,893,166256
2014-03-20,24.405,24.285,23.925,24.285,580,104100
2014-03-21,24.525,24.155,24.025,24.43,759,206372
2014-03-24,24.16,23.88,23.73,24.12,657,125376
2014-03-25,24.04,23.875,23.725,23.995,1232,253178
2014-03-26,24.2,23.72,23.7,23.975,892,187506
2014-03-27,23.735,23.455,23.3,23.66,1171,237222
2014-03-28,23.765,23.305,23.275,23.495,911,181306
2014-03-31,23.945,23.855,23.405,23.405,1117,230092
2014-04-01,23.93,23.545,23.355,23.93,1216,195234
2014-04-02,23.75,23.47,23.21,23.58,1026,208826
2014-04-03,23.635,23.09,23.075,23.51,852,157620
2014-04-04,23.38,23.08,22.755,23.22,1427,249106
2014-04-07,23.145,22.905,22.665,23.02,858,135628
2014-04-08,23.18,22.97,22.84,22.975,593,97368
2014-04-09,23.6225,23.46,22.94,23.06,1203,227188
2014-04-10,23.44,22.875,22.705,23.44,1271,246992
2014-04-11,23.14,22.67,22.38,22.38,1666,401070
2014-04-14,23.025,22.9,22.48,22.875,1139,215412
2014-04-15,22.995,22.765,22.475,22.95,1702,330010
2014-04-16,23.455,23.33,22.775,22.885,1012,173662
2014-04-17,23.605,23.405,23.085,23.305,1196,222582
2014-04-21,23.54,23.32,23.07,23.54,682,130328
2014-04-22,23.35,22.77,22.745,23.345,1189,213656
2014-04-23,23.23,23.065,22.74,22.76,1917,369002
2014-04-24,23.26,23.04,22.845,23.26,1867,367220
2014-04-25,24.96,24.52,23.125,23.165,2693,519920
2014-04-28,24.735,24.48,24.225,24.465,2226,464434
2014-04-29,24.76,24.655,24.28,24.535,1643,393406
2014-04-30,24.975,24.67,24.5,24.655,1715,305278
2014-05-01,24.955,24.825,24.51,24.74,1292,217744
2014-05-02,24.88,24.845,24.615,24.795,779,140910
2014-05-05,24.95,24.75,24.635,24.765,916,150666
2014-05-06,24.845,24.67,24.49,24.695,1406,267330
2014-05-07,24.575,24.16,23.97,24.495,1021,191538
2014-05-08,24.35,23.68,23.595,24.085,1202,203700
2014-05-09,23.665,23.565,23.11,23.665,1476,285684
2014-05-12,24.015,23.93,23.44,23.44,768,153768
2014-05-13,24.055,23.83,23.7,23.98,979,177208
2014-05-14,23.92,23.51,23.425,23.835,781,129136
2014-05-15,23.6375,23.61,23.17,23.48,816,142708
2014-05-16,23.84,23.835,23.28,23.68,908,181904
2014-05-19,24.045,23.86,23.825,23.885,594,106408
2014-05-20,23.9,23.89,23.48,23.8,888,139046
2014-05-21,23.87,23.665,23.62,23.87,594,85510
2014-05-22,23.815,23.68,23.54,23.76,657,101196
2014-05-23,23.925,23.87,23.575,23.765,438,75338
2014-05-27,24.18,23.855,23.735,24.18,602,114154
2014-05-28,23.835,23.255,23.175,23.735,1024,188894
2014-05-29,23.43,23.365,23.2,23.33,951,198110
2014-05-30,23.465,23.295,23.115,23.465,611,120950
2014-06-02,23.37,23.05,22.93,23.29,805,145938
2014-06-03,23.205,23.1,22.9325,22.95,842,141840
2014-06-04,23.74,23.55,23.015,23.015,1175,215440
2014-06-05,23.75,23.66,23.535,23.7,657,115052
2014-06-06,23.965,23.89,23.7,23.8,497,94114
2014-06-09,24.09,24.085,23.88,23.96,795,176146
2014-06-10,24.13,23.805,23.685,24.13,520,77574
2014-06-11,24.055,24.015,23.765,23.765,555,125918
2014-06-12,24.06,23.87,23.765,24.06,591,97090
2014-06-13,23.96,23.955,23.77,23.845,294,51458
2014-06-16,24.67,24.49,23.89,23.89,984,172642
2014-06-17,24.52,24.25,24.235,24.52,619,110316
2014-06-18,24.365,24.13,23.995,24.34,755,133010
2014-06-19,24.3275,24.14,23.94,24.2,485,73456
2014-06-20,24.28,23.705,23.6,24.28,1016,277472
2014-06-23,23.96,23.925,23.705,23.72,952,164334
2014-06-24,24.05,23.7,23.65,23.945,956,176020
2014-06-25,23.72,23.41,23.285,23.62,999,172504
2014-06-26,23.73,23.725,23.385,23.54,856,155432
2014-06-27,23.91,23.91,23.685,23.685,469,78504
2014-06-30,24.11,23.97,23.8,23.8,575,106580
2014-07-01,24.705,24.505,24.06,24.06,693,135682
2014-07-02,24.65,24.44,24.295,24.45,727,117016
2014-07-03,24.565,24.375,24.27,24.48,373,64218
2014-07-07,24.29,23.97,23.82,24.29,1016,153228
2014-07-08,23.98,23.96,23.485,23.97,920,180866
2014-07-09,24.42,24.16,23.965,24.0,1351,265714
2014-07-10,24.265,24.045,23.785,24.05,1181,207578
2014-07-11,23.75,23.625,23.49,23.535,2641,481122
2014-07-14,23.715,23.65,23.49,23.715,934,143382
2014-07-15,23.6,23.495,23.425,23.6,1374,238622
2014-07-16,23.695,23.67,23.465,23.59,1293,222182
2014-07-17,23.83,23.63,23.54,23.64,841,142048
2014-07-18,23.915,23.86,23.55,23.63,477,86288
2014-07-21,23.95,23.86,23.755,23.83,499,91476
2014-07-22,24.17,23.945,23.92,23.975,463,70352
2014-07-23,24.06,23.835,23.79,24.06,545,100746
2014-07-24,23.915,23.82,23.79,23.86,598,97758
2014-07-25,23.7675,23.69,23.635,23.76,437,70084
2014-07-28,23.9075,23.825,23.715,23.755,552,108990
2014-07-29,23.93,23.75,23.635,23.815,936,177598
2014-07-30,24.285,24.22,23.67,23.975,1346,272360
2014-07-31,28.485,27.825,26.57,27.0,6276,1383648
2014-08-01,28.135,27.485,27.435,28.135,2969,516220
2014-08-04,27.635,27.345,27.34,27.635,1047,157510
2014-08-05,27.545,27.17,27.055,27.055,1524,279372
2014-08-06,27.615,27.495,27.225,27.285,1623,302958
2014-08-07,27.7,27.34,27.0,27.57,1007,175158
2014-08-08,27.42,27.2,27.025,27.38,1064,200318
2014-08-11,27.815,27.7,27.225,27.3,1443,289072
2014-08-12,27.775,27.675,27.4,27.745,986,194390
2014-08-13,28.13,28.0,27.625,27.775,702,126604
2014-08-14,28.23,28.17,27.86,27.86,722,143484
2014-08-15,28.25,27.545,27.39,28.25,646,127936
2014-08-18,28.105,27.925,27.66,27.835,789,153270
2014-08-19,28.05,27.695,27.65,27.85,854,134228
2014-08-20,27.855,27.71,27.46,27.76,563,91390
2014-08-21,27.89,27.855,27.56,27.71,444,75462
2014-08-22,28.49,28.335,27.915,27.955,903,152770
2014-08-25,28.6,27.995,27.915,28.6,714,151172
2014-08-26,28.18,28.06,27.74,28.18,735,114148
2014-08-27,28.655,28.345,27.84,27.84,942,168490
2014-08-28,28.385,28.25,27.965,28.385,592,88764
2014-08-29,28.62,28.115,28.09,28.185,880,140768
2014-09-02,28.375,28.22,28.035,28.245,860,119206
2014-09-03,28.98,28.88,28.25,28.25,959,181796
2014-09-04,29.3,28.65,28.585,29.3,774,143228
2014-09-05,28.815,28.645,28.215,28.815,922,166508
2014-09-08,28.825,28.535,28.425,28.825,668,117804
2014-09-09,28.75,28.485,28.215,28.75,813,143144
2014-09-10,28.79,28.555,28.485,28.5,550,114068
2014-09-11,28.63,28.59,28.185,28.5,508,72788
2014-09-12,28.96,28.87,28.36,28.5,661,115012
2014-09-15,29.125,28.8,28.68,28.785,748,135188
2014-09-16,29.165,29.115,28.59,28.64,595,97802
2014-09-17,29.33,28.745,28.735,29.02,709,143710
2014-09-18,29.165,28.855,28.75,28.79,577,103526
2014-09-19,29.015,28.16,28.075,29.0,827,166384
2014-09-22,28.285,28.185,27.87,27.94,738,121512
2014-09-23,28.14,27.905,27.845,28.14,833,119664
2014-09-24,27.945,27.865,27.72,27.85,1059,194934
2014-09-25,27.905,27.405,27.35,27.75,948,157506
2014-09-26,27.68,27.525,27.04,27.38,792,141038
2014-09-29,27.9,27.57,27.315,27.425,1221,201602
2014-09-30,27.75,27.71,27.29,27.54,1013,153928
2014-10-01,27.93,27.47,27.445,27.755,1012,175980
2014-10-02,27.56,27.45,26.73,27.475,861,148674
2014-10-03,27.94,27.655,27.475,27.66,587,106624
2014-10-06,28.145,28.005,27.77,27.945,741,120962
2014-10-07,28.095,27.83,27.78,27.935,930,148164
2014-10-08,28.465,28.365,27.5,27.79,1281,192478
2014-10-09,28.58,28.155,28.125,28.19,1160,181112
2014-10-10,28.15,27.075,26.92,28.13,1371,239602
2014-10-13,27.145,26.51,26.39,27.0,835,143510
2014-10-14,26.825,26.585,26.435,26.605,1293,189248
2014-10-15,26.71,26.6,26.04,26.25,1521,282960
2014-10-16,26.53,26.425,25.885,26.355,1384,250176
2014-10-17,27.27,27.05,26.625,26.69,1920,358330
2014-10-20,27.5,27.415,26.615,27.075,1892,383826
2014-10-21,27.99,27.69,27.215,27.48,1953,332092
2014-10-22,27.79,27.115,27.085,27.69,2255,395920
2014-10-23,26.875,25.58,25.5,26.685,4178,871460
2014-10-24,26.645,26.615,25.62,25.695,1251,234682
2014-10-27,26.74,26.585,26.28,26.56,1185,191910
2014-10-28,27.2,27.135,26.67,26.735,754,124158
2014-10-29,27.51,26.98,26.755,27.185,886,122350
2014-10-30,27.395,27.14,26.905,27.03,524,84302
2014-10-31,27.62,27.56,27.305,27.385,908,140246
2014-11-03,28.255,27.845,27.59,27.635,1255,192892
2014-11-04,28.22,28.195,27.505,27.78,1222,199434
2014-11-05,28.895,28.6,28.27,28.395,1660,279542
2014-11-06,28.835,28.82,28.385,28.575,880,134174
2014-11-07,29.405,28.995,28.83,28.895,1881,338414
2014-11-10,29.39,29.37,29.025,29.115,992,156236
2014-11-11,29.5,29.41,29.15,29.5,952,167948
2014-11-12,29.29,29.105,28.89,29.28,747,120586
2014-11-13,29.815,29.15,29.04,29.325,787,147282
2014-11-14,29.745,29.545,29.095,29.095,857,156506
2014-11-17,29.875,29.77,29.445,29.52,1206,229270
2014-11-18,30.215,29.925,29.695,30.0,905,195776
2014-11-19,29.87,29.115,29.045,29.87,675,126260
2014-11-20,29.2,28.9,28.815,28.91,553,97638
2014-11-21,29.2,28.765,28.665,29.18,1102,176158
2014-11-24,28.865,28.59,28.43,28.865,1257,186464
2014-11-25,28.97,28.93,28.65,28.735,1020,153528
2014-11-26,29.42,29.365,28.9,29.0,766,109716
2014-11-28,29.795,29.56,29.325,29.44,707,117454
2014-12-01,29.805,29.545,29.375,29.56,1105,165938
2014-12-02,29.48,28.875,28.795,29.455,1095,142076
2014-12-03,29.71,29.615,28.835,28.88,936,140652
2014-12-04,29.71,29.14,28.995,29.71,681,175216
2014-12-05,30.06,29.745,29.15,29.15,1393,239162
2014-12-08,29.945,29.45,29.1,29.8,1065,213966
2014-12-09,29.585,29.585,29.075,29.255,1099,180536
2014-12-10,29.56,28.31,28.15,29.56,1155,189456
2014-12-11,28.975,28.525,28.355,28.525,708,115892
2014-12-12,28.415,28.075,27.98,28.415,742,130736
2014-12-15,28.645,28.31,28.185,28.25,906,138626
2014-12-16,28.34,28.02,27.995,28.34,632,104922
2014-12-17,28.355,28.31,27.97,28.18,723,135028
2014-12-18,28.955,28.53,28.36,28.72,851,160506
2014-12-19,29.53,28.96,28.53,28.53,986,296284
2014-12-22,29.47,29.02,28.93,29.1,871,143062
2014-12-23,29.66,29.585,29.005,29.13,621,113602
2014-12-24,29.83,29.405,29.385,29.61,249,45000
2014-12-26,29.765,29.47,29.38,29.43,279,45424
2014-12-29,29.54,29.23,29.1125,29.48,424,81442
2014-12-30,29.535,29.46,29.1,29.1,604,116520
2014-12-31,29.675,29.13,29.115,29.61,377,77232
2015-01-02,29.44,29.06,28.825,29.44,463,95402
2015-01-05,28.94,28.58,28.435,28.855,722,118280
2015-01-06,28.555,27.67,27.59,28.555,1077,180410
2015-01-07,28.125,28.1,27.2,27.73,936,162214
2015-01-08,29.085,28.5,28.175,28.47,965,163730
2015-01-09,28.59,28.465,28.275,28.495,550,83292
2015-01-12,28.5,28.02,27.795,28.5,464,85034
2015-01-13,28.915,28.635,28.165,28.345,920,169622
2015-01-14,28.43,28.33,27.965,28.43,581,99892
2015-01-15,29.07,28.635,28.355,28.495,991,167144
2015-01-16,29.195,29.18,28.565,28.685,1151,202704
2015-01-20,29.75,29.31,29.01,29.615,885,172044
2015-01-21,29.53,29.135,28.78,29.195,971,179680
2015-01-22,29.29,29.195,28.935,29.21,989,148012
2015-01-23,29.745,29.3,29.24,29.44,1250,255422
2015-01-26,29.585,29.39,29.065,29.35,1503,283366
2015-01-27,29.97,29.795,28.975,29.21,1914,348066
2015-01-28,28.42,27.085,26.635,28.295,5774,1251802
2015-01-29,28.34,27.925,26.955,26.955,2570,536308
2015-01-30,28.46,28.335,27.5,27.75,1787,342512
2015-02-02,28.73,27.92,27.635,28.35,1972,365186
2015-02-03,28.825,28.45,27.505,27.9,1800,338244
2015-02-04,28.495,28.27,27.995,28.265,1046,181310
2015-02-05,29.505,29.475,28.395,28.43,1291,270962
2015-02-06,29.78,28.935,28.785,29.565,948,196620
2015-02-09,29.54,29.265,28.9,28.9,914,188294
2015-02-10,29.77,29.5,29.29,29.49,1058,215010
2015-02-11,29.85,29.825,29.39,29.585,622,197096
2015-02-12,30.625,30.1,29.995,29.995,907,174824
2015-02-13,30.75,30.595,29.99,29.99,910,172950
2015-02-17,30.87,30.305,30.16,30.755,1141,212870
2015-02-18,30.255,29.805,29.7,30.255,1172,230280
2015-02-19,29.93,29.83,29.575,29.865,760,143612
2015-02-20,29.875,29.875,29.63,29.815,735,165266
2015-02-23,29.865,29.715,29.41,29.615,768,148514
2015-02-24,29.61,29.115,28.61,29.55,1723,332940
2015-02-25,29.625,29.365,29.095,29.255,812,147958
2015-02-26,29.76,29.59,29.095,29.51,747,135752
2015-02-27,29.63,29.11,29.025,29.63,485,91368
2015-03-02,29.41,29.26,28.95,29.2,1005,174334
2015-03-03,29.48,29.055,28.865,29.26,966,175944
2015-03-04,29.095,28.95,28.39,28.89,1149,197618
2015-03-05,29.075,28.79,28.765,29.05,457,84986
2015-03-06,28.7,28.375,28.14,28.7,1114,271126
2015-03-09,28.82,28.745,28.335,28.44,909,168002
2015-03-10,28.61,27.25,27.17,28.61,1310,235816
2015-03-11,27.27,26.84,26.755,27.175,1086,258924
2015-03-12,27.77,27.67,26.925,26.925,1405,271516
2015-03-13,27.625,27.33,27.085,27.575,613,112512
2015-03-16,27.655,27.57,27.31,27.54,488,76508
2015-03-17,27.865,27.825,27.3,27.45,790,138538
2015-03-18,28.35,28.185,27.68,27.86,1030,187016
2015-03-19,28.26,27.925,27.895,28.17,859,155292
2015-03-20,28.445,28.29,27.985,28.145,911,181690
2015-03-23,28.495,28.235,28.075,28.25,946,165328
2015-03-24,28.33,27.965,27.85,28.32,1462,247670
2015-03-25,28.075,27.1,27.04,28.075,902,166672
2015-03-26,27.06,26.9,26.79,27.0,1434,253106
2015-03-27,26.995,26.55,26.53,26.995,1260,220062
2015-03-30,26.74,26.49,26.34,26.725,1349,220318
2015-03-31,26.57,26.445,26.215,26.465,1376,252324
2015-04-01,27.01,26.97,26.33,26.46,927,164958
2015-04-02,27.255,26.78,26.75,27.115,730,139092
2015-04-06,27.01,26.865,26.71,26.735,782,133936
2015-04-07,28.14,27.68,26.97,26.995,1170,220862
2015-04-08,27.915,27.68,27.295,27.68,931,182412
2015-04-09,27.875,27.76,27.45,27.755,544,96188
2015-04-10,28.075,28.0,27.775,27.775,536,91596
2015-04-13,28.41,28.23,27.935,27.935,858,170848
2015-04-14,28.47,28.265,28.13,28.315,662,131696
2015-04-15,29.115,29.055,28.175,28.225,1273,256198
2015-04-16,29.215,29.17,28.86,29.125,1445,214420
2015-04-17,28.905,28.61,28.545,28.905,963,171254
2015-04-20,28.84,28.41,28.365,28.71,613,101632
2015-04-21,28.855,28.755,28.48,28.525,575,85328
2015-04-22,28.845,28.62,28.515,28.81,667,114486
2015-04-23,28.78,28.705,28.38,28.57,758,127090
2015-04-24,28.725,27.915,27.91,28.695,1092,222186
2015-04-27,28.13,28.0,27.845,27.95,1603,296822
2015-04-28,28.0,27.695,27.595,28.0,1467,299100
2015-04-29,26.43,25.965,25.04,25.075,5464,1184970
2015-04-30,25.78,25.29,25.16,25.725,2340,434108
2015-05-01,25.345,25.21,24.9975,25.345,1243,235150
2015-05-04,25.37,25.305,25.085,25.25,1489,266576
2015-05-05,25.375,25.01,24.9,25.355,1341,291068
2015-05-06,25.09,24.885,24.755,25.09,1170,232132
2015-05-07,24.88,24.64,24.54,24.88,1174,230444
2015-05-08,24.9325,24.62,24.56,24.825,1178,259538
2015-05-11,24.735,24.29,24.25,24.63,1505,319388
2015-05-12,24.525,24.13,24.125,24.3,1162,249244
2015-05-13,24.325,24.03,23.96,24.235,1132,232186
2015-05-14,24.19,24.075,23.92,24.115,963,199350
2015-05-15,24.42,24.405,23.815,23.97,1533,302776
2015-05-18,24.455,24.195,23.98,24.455,878,185554
2015-05-19,24.5,24.095,24.015,24.2,990,197662
2015-05-20,24.605,24.5,24.075,24.17,1542,318542
2015-05-21,22.495,21.225,20.86,22.42,5714,1247852
2015-05-22,21.585,21.52,21.105,21.255,2269,535790
2015-05-26,21.49,21.375,21.135,21.49,1481,325858
2015-05-27,21.41,21.215,21.1,21.33,1103,233764
2015-05-28,21.4,21.265,21.12,21.155,1394,260542
2015-05-29,21.285,21.22,21.11,21.26,1682,351816
2015-06-01,21.28,21.1,20.98,21.275,871,163860
2015-06-02,21.345,21.165,21.075,21.075,794,166048
2015-06-03,21.38,21.21,21.05,21.205,1247,228014
2015-06-04,21.245,21.06,20.98,21.175,1566,313916
2015-06-05,21.3,21.195,20.855,20.985,703,168596
2015-06-08,21.28,21.25,21.1,21.195,1296,224866
2015-06-09,21.28,21.22,21.2,21.265,843,157518
2015-06-10,21.41,21.32,21.145,21.34,1200,211972
2015-06-11,21.375,21.345,21.185,21.375,1036,231346
2015-06-12,21.365,21.34,21.135,21.31,836,177386
2015-06-15,21.43,21.37,21.025,21.205,1455,308804
2015-06-16,21.4,21.37,21.215,21.3,752,156994
2015-06-17,21.445,21.3,21.205,21.445,1199,233242
2015-06-18,21.365,21.315,21.18,21.255,1260,229030
2015-06-19,21.395,21.015,20.925,21.395,1464,427060
2015-06-22,21.12,20.935,20.915,21.06,998,215318
2015-06-23,21.015,20.905,20.875,21.015,706,140076
2015-06-24,20.93,20.76,20.605,20.92,1222,241896
2015-06-25,20.915,20.57,20.505,20.81,1189,263718
2015-06-26,20.6,20.395,20.31,20.6,920,214694
2015-06-29,20.365,20.06,19.97,20.32,1296,279504
2015-06-30,20.315,20.265,19.93,20.105,944,207150
2015-07-01,20.39,20.3,20.2,20.33,572,147582
2015-07-02,20.495,20.305,19.975,20.26,1053,243558
2015-07-06,20.115,19.785,19.695,20.115,1282,278634
2015-07-07,19.98,19.87,19.2,19.72,1657,378112
2015-07-08,19.885,19.57,19.55,19.86,1636,330944
2015-07-09,19.8,19.575,19.465,19.715,1507,332698
2015-07-10,19.685,19.57,19.37,19.685,1030,213532
2015-07-13,19.79,19.59,19.5,19.59,736,144362
2015-07-14,19.635,19.5875,19.54,19.61,1716,264224
2015-07-15,19.57,19.325,19.27,19.515,1190,238934
2015-07-16,19.53,19.47,19.31,19.41,1051,230926
2015-07-17,19.475,19.295,19.27,19.4,672,127690
2015-07-20,19.3,19.2,19.15,19.255,462,89448
2015-07-21,19.35,19.01,19.0,19.135,970,182292
2015-07-22,19.1,19.04,18.935,18.965,556,111166
2015-07-23,19.235,19.01,18.965,19.14,856,238622
2015-07-24,18.92,18.7,18.635,18.92,1093,225710
2015-07-27,18.775,18.45,18.4275,18.735,1065,201830
2015-07-28,18.685,18.585,18.325,18.475,946,185544
2015-07-29,18.8225,18.815,18.495,18.62,782,156974
2015-07-30,23.11,22.865,21.5,21.94,6477,1482908
2015-07-31,22.99,22.755,22.31,22.82,2285,469072
2015-08-03,22.845,22.83,22.5975,22.695,794,136648
2015-08-04,23.02,23.01,22.555,22.845,1441,262352
2015-08-05,23.34,22.905,22.78,23.285,1468,284052
2015-08-06,22.995,22.855,22.6,22.86,1045,199682
2015-08-07,23.04,22.975,22.805,22.835,900,185282
2015-08-10,23.365,23.17,22.885,22.955,813,156982
2015-08-11,23.06,22.88,22.625,23.06,779,149614
2015-08-12,22.94,22.86,22.62,22.87,784,157546
2015-08-13,23.135,22.955,22.71,22.765,734,134190
2015-08-14,23.055,22.935,22.83,22.83,484,97314
2015-08-17,23.105,22.93,22.795,22.795,505,98652
2015-08-18,23.07,22.98,22.83,22.915,530,100508
2015-08-19,22.935,22.79,22.57,22.885,733,126196
2015-08-20,22.86,22.335,22.305,22.86,667,119712
2015-08-21,22.435,21.935,21.905,22.13,1429,331078
2015-08-24,22.06,21.225,20.29,20.69,2784,514028
2015-08-25,22.195,21.545,21.545,21.68,1916,364544
2015-08-26,22.385,22.25,21.695,21.73,1888,344338
2015-08-27,22.66,22.625,22.045,22.145,1886,382556
2015-08-28,22.7,22.54,22.185,22.185,1926,429116
2015-08-31,22.765,22.66,22.15,22.15,1013,221666
2015-09-01,22.665,22.615,22.2,22.2,2068,306488
2015-09-02,22.845,22.62,22.47,22.845,1547,200536
2015-09-03,22.995,22.765,22.54,22.6,919,190272
2015-09-04,22.83,22.635,22.44,22.44,691,138558
2015-09-08,23.145,22.865,22.565,22.565,1238,266998
2015-09-09,23.07,22.47,22.445,22.955,857,176690
2015-09-10,22.74,22.525,22.35,22.35,932,175588
2015-09-11,22.605,22.575,22.435,22.44,942,184976
2015-09-14,22.605,22.545,22.435,22.57,793,146236
2015-09-15,23.295,23.16,22.535,22.535,993,182234
2015-09-16,23.505,23.41,23.155,23.35,673,152894
2015-09-17,23.57,23.33,23.09,23.31,1075,209364
2015-09-18,23.375,23.11,23.05,23.05,792,164126
2015-09-21,23.45,23.22,22.955,23.14,921,157074
2015-09-22,23.08,22.625,22.525,23.08,907,165700
2015-09-23,22.63,22.56,22.17,22.17,1090,214844
2015-09-24,22.545,22.405,22.13,22.425,834,149820
2015-09-25,22.575,22.355,22.25,22.575,672,112824
2015-09-28,22.355,22.02,22.0,22.26,649,122572
2015-09-29,22.095,22.065,21.955,22.0,590,103740
2015-09-30,22.52,22.375,22.065,22.185,990,188868
2015-10-01,22.78,22.7,22.35,22.455,804,138250
2015-10-02,22.59,22.505,22.365,22.475,815,144028
2015-10-05,23.01,22.925,22.57,22.57,552,98650
2015-10-06,22.975,22.855,22.59,22.895,631,105484
2015-10-07,23.165,23.05,22.87,22.87,955,159148
2015-10-08,23.215,23.19,22.995,23.01,519,92614
2015-10-09,23.55,23.47,23.155,23.19,1147,198822
2015-10-12,23.615,23.515,23.32,23.485,407,66560
2015-10-13,23.705,23.5,23.32,23.325,1451,277066
2015-10-14,23.65,23.47,23.345,23.44,546,87668
2015-10-15,23.69,23.625,23.385,23.49,1144,248170
2015-10-16,23.875,23.705,23.325,23.655,787,151824
2015-10-19,23.865,23.765,23.54,23.58,588,122268
2015-10-20,24.05,23.585,23.385,23.755,658,113140
2015-10-21,23.6,23.185,23.155,23.585,716,129134
2015-10-22,23.72,23.555,23.305,23.345,778,150844
2015-10-23,23.795,23.58,23.43,23.625,683,150236
2015-10-26,23.75,23.185,23.09,23.505,864,164002
2015-10-27,23.16,22.555,22.495,23.145,1055,189998
2015-10-28,23.165,22.735,22.505,22.575,1996,375076
2015-10-29,22.715,22.675,21.525,22.535,2663,549668
2015-10-30,23.28,23.2,22.275,22.58,1187,214022
2015-11-02,23.56,23.425,23.01,23.255,1000,206146
2015-11-03,23.835,23.75,23.335,23.42,900,172086
2015-11-04,23.885,23.61,23.475,23.645,1023,198132
2015-11-05,23.825,23.635,23.535,23.625,990,175260
2015-11-06,23.61,23.25,23.1,23.54,1035,195694
2015-11-09,23.27,22.6,22.515,23.24,1420,277624
2015-11-10,22.72,22.605,22.395,22.56,910,155068
2015-11-11,22.715,22.415,22.4,22.67,1270,208370
2015-11-12,22.63,22.57,22.195,22.345,801,137568
2015-11-13,22.665,22.465,22.225,22.49,1394,231122
2015-11-16,22.975,22.91,22.375,22.39,821,138644
2015-11-17,23.145,22.995,22.88,22.96,779,145920
2015-11-18,23.64,23.605,23.035,23.055,1012,167150
2015-11-19,23.995,23.875,23.62,23.62,820,125260
2015-11-20,24.1,23.875,23.75,23.865,843,141612
2015-11-23,23.98,23.83,23.535,23.94,894,145496
2015-11-24,23.88,23.805,23.545,23.69,612,96042
2015-11-25,24.115,24.06,23.65,23.815,820,141024
2015-11-27,24.28,24.125,23.875,24.0,512,86526
2015-11-30,24.32,24.225,24.035,24.24,1166,179972
2015-12-01,24.745,24.61,24.205,24.205,1430,243506
2015-12-02,24.665,24.485,24.41,24.545,911,153828
2015-12-03,24.575,24.245,24.145,24.565,861,148144
2015-12-04,24.585,24.49,24.24,24.25,767,120348
2015-12-07,24.325,24.065,23.91,24.3,618,98250
2015-12-08,24.03,23.915,23.5,23.82,517,87488
2015-12-09,23.89,23.68,23.51,23.84,1037,188088
2015-12-10,24.0,23.87,23.695,23.695,782,119274
2015-12-11,23.82,23.625,23.455,23.71,1408,251494
2015-12-14,23.735,23.295,23.155,23.585,1233,196620
2015-12-15,23.845,23.74,23.215,23.385,605,99742
2015-12-16,24.045,23.92,23.795,23.825,614,118230
2015-12-17,24.09,23.845,23.815,23.91,573,92186
2015-12-18,24.02,23.835,23.7,23.75,1262,418796
2015-12-21,24.195,23.9,23.675,24.015,646,86668
2015-12-22,24.395,24.335,23.835,23.915,654,97268
2015-12-23,24.675,24.505,24.395,24.49,399,55880
2015-12-24,24.64,24.49,24.36,24.38,314,43960
2015-12-28,24.37,24.195,23.935,24.37,400,59500
2015-12-29,24.71,24.695,24.28,24.28,378,68138
2015-12-30,24.815,24.34,24.3,24.625,389,54610
2015-12-31,24.355,23.965,23.945,24.26,581,107158
2016-01-04,24.02,23.825,23.415,23.64,930,174298
2016-01-05,23.87,23.585,23.54,23.87,579,103508
2016-01-06,23.415,23.375,23.155,23.28,517,76808
2016-01-07,23.0,22.66,22.57,22.97,686,116434
2016-01-08,22.955,22.695,22.475,22.76,1068,202414
2016-01-11,22.93,22.5725,22.405,22.765,760,137234
2016-01-12,23.12,22.815,22.67,22.76,732,156664
2016-01-13,23.26,22.505,22.35,22.815,880,179132
2016-01-14,23.125,22.985,22.23,22.58,811,148772
2016-01-15,22.88,22.86,22.365,22.5,860,154858
2016-01-19,23.28,22.83,22.52,22.765,857,163132
2016-01-20,22.58,22.41,21.915,22.445,1227,234410
2016-01-21,23.08,22.835,22.33,22.51,569,99402
2016-01-22,23.45,23.26,22.99,23.14,833,135120
2016-01-25,23.81,23.36,23.06,23.06,1428,265362
2016-01-26,24.005,23.925,23.405,23.48,1055,188334
2016-01-27,24.44,24.335,23.65,23.65,1201,240302
2016-01-28,24.665,24.265,24.18,24.515,1153,179550
2016-01-29,24.505,24.43,24.01,24.295,949,181828
2016-02-01,24.56,24.485,24.145,24.2,898,172060
2016-02-02,24.33,23.845,23.745,24.33,862,141662
2016-02-03,24.145,23.78,23.515,24.04,1250,213204
2016-02-04,23.935,23.595,23.385,23.81,1237,215762
2016-02-05,23.55,22.615,22.53,23.55,1751,300640
2016-02-08,22.315,21.935,21.435,22.31,1770,331024
2016-02-09,21.66,21.425,20.97,21.66,2586,456092
2016-02-10,24.225,23.505,21.87,22.655,4731,951214
2016-02-11,23.655,23.375,22.96,23.0,1744,339722
2016-02-12,24.155,23.93,23.46,23.6,1263,212752
2016-02-16,24.465,24.18,24.005,24.14,941,174982
2016-02-17,25.415,25.27,24.31,24.31,1890,380902
2016-02-18,25.37,24.665,24.585,25.32,2052,340940
2016-02-19,24.94,24.705,24.435,24.585,1213,214026
2016-02-22,25.19,25.075,24.945,24.995,537,89060
2016-02-23,25.07,24.465,24.395,25.07,992,171298
2016-02-24,24.53,24.445,23.955,24.21,1372,216158
2016-02-25,24.695,24.685,24.32,24.525,867,133116
2016-02-26,24.94,24.725,24.665,24.755,680,104192
2016-02-29,25.2,24.87,24.67,24.67,666,111010
2016-03-01,25.305,25.245,24.905,24.99,475,74444
2016-03-02,25.275,25.275,24.765,25.165,794,134530
2016-03-03,25.38,25.02,25.005,25.325,842,139818
2016-03-04,25.035,24.685,24.515,25.03,759,123362
2016-03-07,24.97,24.68,24.54,24.54,557,92746
2016-03-08,24.665,24.545,24.365,24.37,474,87632
2016-03-09,24.89,24.495,24.465,24.595,523,84978
2016-03-10,24.55,24.325,23.915,24.52,741,111864
2016-03-11,24.925,24.765,24.545,24.545,610,92628
2016-03-14,24.695,24.495,24.36,24.615,551,95036
2016-03-15,24.47,24.055,23.995,24.34,1048,170948
2016-03-16,25.105,24.945,23.96,23.96,1174,198912
2016-03-17,25.335,25.11,24.975,24.975,758,121578
2016-03-18,25.255,24.66,24.62,25.255,808,281384
2016-03-21,24.905,24.74,24.615,24.66,494,80424
2016-03-22,24.98,24.915,24.535,24.55,654,101592
2016-03-23,25.015,24.8,24.7,24.89,470,80434
2016-03-24,24.89,24.865,24.48,24.565,444,70324
2016-03-28,24.995,24.925,24.75,24.88,400,59294
2016-03-29,25.745,25.585,24.77,24.77,859,138260
2016-03-30,26.27,26.12,25.695,25.695,1167,184370
2016-03-31,26.135,25.9,25.78,26.055,808,129482
2016-04-01,25.99,25.865,25.485,25.63,594,104034
2016-04-04,26.405,26.265,25.895,26.03,805,136648
2016-04-05,26.535,26.505,25.925,26.045,1033,168876
2016-04-06,27.125,27.045,26.375,26.525,1296,207610
2016-04-07,26.83,26.25,26.13,26.83,1592,255196
2016-04-08,26.625,26.375,26.27,26.53,439,71958
2016-04-11,26.85,26.77,26.445,26.575,503,80484
2016-04-12,26.875,26.63,26.515,26.875,952,163202
2016-04-13,26.985,26.955,26.655,26.71,699,119984
2016-04-14,27.28,27.135,26.75,26.855,558,108802
2016-04-15,27.135,27.01,26.775,27.06,759,125080
2016-04-18,27.36,27.3,26.895,26.895,742,105194
2016-04-19,27.745,27.71,27.3,27.495,1201,223588
2016-04-20,27.885,27.78,27.345,27.73,798,125268
2016-04-21,28.065,27.68,27.575,27.895,890,176716
2016-04-22,27.825,27.785,27.385,27.615,682,116910
2016-04-25,27.845,27.34,27.17,27.665,1301,252606
2016-04-26,27.54,27.21,27.135,27.335,911,157488
2016-04-27,27.41,27.075,26.755,27.22,1619,302326
2016-04-28,28.685,27.995,25.965,26.44,2865,653392
2016-04-29,28.13,27.96,27.82,27.955,1110,176384
2016-05-02,28.17,27.86,27.595,27.99,1151,187002
2016-05-03,27.775,26.99,26.8,27.775,1598,282182
2016-05-04,27.21,27.015,26.815,26.835,1121,183596
2016-05-05,27.335,27.26,26.995,27.06,1091,196852
2016-05-06,27.51,27.255,27.085,27.085,1039,171680
2016-05-09,27.29,27.15,27.02,27.25,1117,115788
2016-05-10,27.745,27.665,27.135,27.21,1112,207394
2016-05-11,27.82,27.715,27.475,27.63,864,149158
2016-05-12,28.08,27.935,27.47,27.81,1992,341218
2016-05-13,28.06,27.84,27.765,27.83,1025,175164
2016-05-16,28.29,28.09,27.9,27.915,758,133630
2016-05-17,28.12,27.79,27.655,28.065,966,182324
2016-05-18,27.985,27.84,27.57,27.695,1273,232788
2016-05-19,27.89,27.815,27.425,27.66,1020,161284
2016-05-20,28.285,28.2,27.89,27.89,1090,179442
2016-05-23,28.19,27.955,27.7,28.115,731,127540
2016-05-24,28.47,28.165,28.03,28.04,1255,247484
2016-05-25,29.0,28.94,28.255,28.44,1906,341702
2016-05-26,29.225,29.145,28.845,28.925,1180,204196
2016-05-27,29.3,29.125,28.985,29.065,643,108336
2016-05-31,29.42,29.34,29.105,29.13,921,152562
2016-06-01,29.84,29.685,29.27,29.27,1178,198132
2016-06-02,29.93,29.805,29.57,29.705,1026,183768
2016-06-03,30.185,30.07,29.725,29.775,1118,216968
2016-06-06,30.39,30.21,30.0,30.005,714,117992
2016-06-07,30.345,30.185,30.0275,30.2,1129,180954
2016-06-08,30.515,30.485,30.15,30.25,592,99344
2016-06-09,30.61,30.475,30.12,30.23,1006,162834
2016-06-10,30.47,29.975,29.885,30.18,625,100072
2016-06-13,30.05,29.86,29.755,29.885,513,96036
2016-06-14,29.965,29.615,29.6,29.71,700,108414
2016-06-15,29.72,29.465,29.395,29.575,887,136986
2016-06-16,29.375,29.29,28.95,29.27,1375,236122
2016-06-17,29.4,29.245,29.13,29.295,840,354886
2016-06-20,30.255,30.15,29.56,29.56,1779,359994
2016-06-21,30.77,30.63,30.165,30.46,1682,337606
2016-06-22,30.85,30.58,30.5,30.57,803,174668
2016-06-23,30.985,30.835,30.58,30.895,657,136380
2016-06-24,30.235,29.305,29.29,29.55,1340,242520
2016-06-27,29.125,28.67,28.305,28.925,1253,248808
2016-06-28,29.275,28.98,28.765,28.98,796,129318
2016-06-29,29.525,29.3,29.23,29.275,720,128680
2016-06-30,29.605,29.58,29.255,29.255,615,120350
2016-07-01,29.805,29.48,29.45,29.615,373,62668
2016-07-05,29.735,29.145,29.025,29.525,915,175362
2016-07-06,29.295,29.29,28.875,29.03,872,162856
2016-07-07,29.49,29.145,28.995,29.29,781,124362
2016-07-08,29.645,29.465,29.19,29.36,431,84874
2016-07-11,29.69,29.37,29.285,29.45,956,176182
2016-07-12,29.895,29.805,29.415,29.415,533,116280
2016-07-13,30.055,30.0,29.815,29.915,628,120774
2016-07-14,30.395,30.235,30.04,30.27,840,178664
2016-07-15,30.3,30.035,30.01,30.3,477,86320
2016-07-18,30.175,30.015,29.84,30.175,421,83812
2016-07-19,30.885,30.755,30.085,30.085,1230,233702
2016-07-20,31.34,31.195,30.665,31.21,1272,246926
2016-07-21,31.26,30.75,30.715,31.195,552,112872
2016-07-22,30.865,30.655,30.57,30.865,728,144032
2016-07-25,31.215,31.165,30.705,30.705,899,147576
2016-07-26,31.39,31.19,31.005,31.06,838,151928
2016-07-27,31.615,31.4,31.355,31.365,772,139422
2016-07-28,30.385,29.745,29.25,29.515,2723,564138
2016-07-29,30.62,30.465,29.76,29.8,1271,239842
2016-08-01,30.825,30.71,30.38,30.39,925,160816
2016-08-02,31.205,30.24,30.2,30.705,612,101368
2016-08-03,30.76,30.735,30.13,30.15,644,118490
2016-08-04,30.955,30.92,30.68,30.71,516,105576
2016-08-05,31.235,31.045,30.755,30.92,703,124718
2016-08-08,31.3,31.285,30.865,31.09,638,119236
2016-08-09,31.645,31.625,31.29,31.43,988,201072
2016-08-10,31.825,31.27,31.13,31.745,975,183162
2016-08-11,31.705,31.68,31.305,31.34,550,100938
2016-08-12,31.745,31.59,31.4,31.695,515,91768
2016-08-15,31.675,31.4,31.35,31.65,568,98570
2016-08-16,31.525,31.355,31.135,31.415,375,64848
2016-08-17,31.465,31.14,30.96,31.365,396,66086
2016-08-18,31.37,31.35,31.06,31.145,365,64140
2016-08-19,31.405,31.36,31.16,31.21,559,89082
2016-08-22,31.325,31.185,30.985,31.325,338,57546
2016-08-23,31.6,31.435,31.33,31.415,488,88152
2016-08-24,31.365,31.01,30.9,31.365,364,65740
2016-08-25,31.275,31.22,31.03,31.08,491,81190
2016-08-26,31.7,31.4,31.17,31.17,812,101332
2016-08-29,31.405,31.29,31.185,31.4,251,40414
2016-08-30,31.405,31.2,31.13,31.405,263,44940
2016-08-31,31.5,31.41,31.1,31.245,264,55540
2016-09-01,31.625,31.565,31.255,31.455,1158,190832
2016-09-02,32.085,31.905,31.67,31.67,420,72446
2016-09-06,32.245,31.835,31.795,32.02,323,58560
2016-09-07,32.0,31.83,31.645,31.87,407,71022
2016-09-08,31.975,31.715,31.645,31.85,413,67184
2016-09-09,31.43,29.885,29.855,31.43,1687,299226
2016-09-12,32.69,32.575,31.25,31.25,3688,715162
2016-09-13,33.255,32.305,32.0625,32.875,2565,466170
2016-09-14,32.89,32.65,32.34,32.435,2129,373058
2016-09-15,32.82,32.67,32.58,32.82,1595,259366
2016-09-16,32.545,32.385,32.27,32.545,829,160350
2016-09-19,32.67,32.5,32.48,32.505,782,129072
2016-09-20,33.02,32.705,32.51,32.765,626,99058
2016-09-21,33.18,33.09,32.805,32.845,922,151986
2016-09-22,33.42,33.27,33.12,33.385,473,76758
2016-09-23,33.14,32.86,32.76,33.14,988,159054
2016-09-26,32.945,32.63,32.385,32.78,704,91662
2016-09-27,32.995,32.675,32.485,32.735,1342,224992
2016-09-28,32.99,32.5,32.39,32.7,2248,416926
2016-09-29,32.59,32.44,32.265,32.415,1551,291742
2016-09-30,32.74,32.43,32.405,32.545,1579,274206
2016-10-03,32.51,32.32,32.29,32.435,801,134918
2016-10-04,32.645,32.435,32.305,32.415,694,124384
2016-10-05,32.62,32.485,32.38,32.56,822,161886
2016-10-06,32.71,32.565,32.35,32.62,1537,309956
2016-10-07,32.625,32.305,32.2,32.51,799,132356
2016-10-10,32.61,32.225,32.195,32.42,620,67692
2016-10-11,32.465,31.9,31.795,32.285,791,126522
2016-10-12,32.09,31.905,31.68,31.935,862,157502
2016-10-13,32.025,31.895,31.74,31.88,1090,175566
2016-10-14,32.265,32.075,31.94,31.94,542,84012
2016-10-17,32.26,32.075,32.025,32.025,335,62678
2016-10-18,32.56,32.195,32.175,32.415,798,103226
2016-10-19,32.4,32.225,32.13,32.25,560,101518
2016-10-20,32.235,32.2,31.975,32.105,982,137670
2016-10-21,32.695,32.17,31.975,32.475,661,122778
2016-10-24,32.32,32.255,32.04,32.29,444,62768
2016-10-25,32.325,31.76,31.695,32.23,455,83538
2016-10-26,31.595,31.095,31.08,31.54,949,180542
2016-10-27,31.3,30.91,30.79,31.3,679,129340
2016-10-28,31.025,30.865,30.735,30.9,656,120088
2016-10-31,31.065,31.04,30.635,30.985,710,136648
2016-11-01,31.215,30.665,30.385,31.025,535,104396
2016-11-02,30.585,30.22,29.925,30.545,975,215118
2016-11-03,30.68,30.355,30.1,30.1,592,106918
2016-11-04,30.86,30.365,29.85,30.085,1325,247456
2016-11-07,31.05,30.735,30.615,30.7,810,144008
2016-11-08,31.445,31.44,30.585,30.585,1010,225248
2016-11-09,31.085,31.06,30.29,30.755,821,129160
2016-11-10,31.26,30.82,30.69,31.08,987,157966
2016-11-11,30.76,30.39,30.3,30.76,807,129538
2016-11-14,30.415,29.52,29.295,30.415,1129,184710
2016-11-15,30.125,30.02,29.555,29.6,1261,170786
2016-11-16,30.54,30.525,29.88,29.915,1098,162000
2016-11-17,30.805,30.805,30.525,30.525,968,145054
2016-11-18,30.895,30.74,30.39,30.8,791,128754
2016-11-21,30.925,30.575,30.325,30.845,611,97658
2016-11-22,30.96,30.93,30.485,30.7,622,98158
2016-11-23,31.475,31.46,30.77,30.77,1143,185964
2016-11-25,31.38,31.165,31.09,31.33,374,79194
2016-11-28,31.705,31.335,31.17,31.17,774,125490
2016-11-29,31.87,31.705,31.09,31.33,833,149344
2016-11-30,32.055,31.78,31.75,31.815,1201,222802
2016-12-01,32.02,31.16,30.945,31.81,1143,174064
2016-12-02,31.27,31.165,31.005,31.085,923,131140
2016-12-05,31.35,30.965,30.89,31.225,838,126586
2016-12-06,31.0,30.67,30.18,31.0,1021,167576
2016-12-07,30.855,30.855,30.325,30.575,828,134072
2016-12-08,30.89,30.715,30.595,30.89,873,133332
2016-12-09,30.87,30.57,30.565,30.87,513,76362
2016-12-12,30.65,30.635,29.575,29.575,1151,220604
2016-12-13,31.585,31.025,30.595,30.595,1981,377168
2016-12-14,30.85,30.505,30.495,30.68,9310,3395836
2016-12-15,30.7,30.355,30.25,30.5,2406,508964
2016-12-16,30.485,30.25,30.245,30.485,1020,290396
2016-12-19,30.675,30.635,30.165,30.25,1354,228018
2016-12-20,31.145,30.93,30.665,30.675,1519,236296
2016-12-21,31.09,31.015,30.77,30.995,1077,153618
2016-12-22,31.11,30.675,30.605,31.11,997,136660
2016-12-23,30.79,30.73,30.605,30.605,348,55806
2016-12-27,30.85,30.755,30.645,30.8,459,64428
2016-12-28,31.16,30.76,30.745,30.815,1054,178938
2016-12-29,31.125,31.025,30.76,30.76,960,124068
2016-12-30,31.235,30.905,30.81,31.09,797,128766
2017-01-03,31.02,30.76,30.6,31.02,816,117036
2017-01-04,31.315,31.27,30.865,30.985,1367,251470
2017-01-05,31.575,31.42,31.215,31.265,1103,147270
2017-01-06,31.435,31.295,31.2,31.435,616,96970
2017-01-09,31.335,31.11,31.1,31.295,508,67336
2017-01-10,31.75,31.55,31.105,31.14,1015,144506
2017-01-11,32.015,31.91,31.38,31.38,698,89948
2017-01-12,32.24,32.08,31.6,31.88,664,96292
2017-01-13,32.155,32.095,31.98,32.12,514,69544
2017-01-17,32.415,32.165,32.02,32.12,843,126042
2017-01-18,32.185,31.66,31.655,32.17,790,105130
2017-01-19,31.74,31.27,31.225,31.695,799,126314
2017-01-20,31.8,31.7,31.345,31.345,990,147650
2017-01-23,31.93,31.805,31.475,31.78,1323,233252
2017-01-24,33.175,33.015,32.085,32.17,1473,265630
2017-01-25,35.04,34.27,33.49,33.49,2008,194521
2017-01-26,34.85,34.78,34.27,34.51,1956,182347
2017-01-27,34.9,34.79,34.53,34.9,1696,165637
2017-01-30,34.93,34.07,33.99,34.78,1357,181424
2017-01-31,34.33,34.27,33.98,34.05,1213,113673
2017-02-01,34.49,33.75,33.63,34.49,1230,138072
2017-02-02,33.97,33.3,33.13,33.72,2731,285640
2017-02-03,34.89,33.42,32.685,34.1,3179,329981
2017-02-06,33.31,33.3,32.83,33.3,1691,169555
2017-02-07,33.38,33.03,32.94,33.15,1439,181630
2017-02-08,33.12,32.96,32.6,33.12,1483,144153
2017-02-09,33.26,33.13,32.88,32.88,1315,141526
2017-02-10,33.63,33.55,33.14,33.14,1284,112764
2017-02-13,33.79,33.67,33.41,33.72,1105,112870
2017-02-14,33.89,33.78,33.6,33.64,1251,107965
2017-02-15,34.085,34.02,33.66,33.76,1356,130076
2017-02-16,34.23,33.96,33.71,34.1,1436,155432
2017-02-17,33.87,33.54,33.5,33.74,1384,173419
2017-02-21,33.74,33.65,33.46,33.7,1751,172202
2017-02-22,33.87,33.83,33.55,33.74,901,81312
2017-02-23,33.92,33.76,33.36,33.81,1331,132628
2017-02-24,33.75,33.48,33.3,33.74,1471,128741
2017-02-27,33.56,33.5,33.24,33.43,1177,108803
2017-02-28,33.51,32.98,32.95,33.5,2013,254982
2017-03-01,33.24,33.17,32.76,33.09,1568,141249
2017-03-02,33.42,33.22,33.03,33.1,1494,187636
2017-03-03,33.36,33.2,32.94,33.22,848,76441
2017-03-06,33.4,33.35,32.8,33.1,1500,150349
2017-03-07,33.34,33.25,33.05,33.23,1108,98121
2017-03-08,33.29,33.12,32.88,33.22,996,106388
2017-03-09,33.54,33.32,33.17,33.17,1045,88822
2017-03-10,33.705,33.61,33.35,33.51,1101,119866
2017-03-13,34.12,34.06,33.7,33.71,1613,167279
2017-03-14,34.15,33.94,33.82,33.93,1747,176604
2017-03-15,34.685,34.6,34.05,34.14,1902,183955
2017-03-16,34.78,34.56,34.5,34.77,1600,164150
2017-03-17,34.86,34.47,34.4,34.77,1124,184222
2017-03-20,34.61,34.08,33.87,34.51,1353,131305
2017-03-21,34.44,33.62,33.56,34.2,1258,115855
2017-03-22,33.87,33.78,33.34,33.64,1282,120111
2017-03-23,34.17,33.9,33.73,33.83,1260,107132
2017-03-24,34.25,34.0,33.8,34.03,946,97018
2017-03-27,34.01,33.93,33.65,33.87,1170,115931
2017-03-28,34.12,34.0,33.84,33.95,1282,146509
2017-03-29,34.13,34.0,33.86,34.02,981,102547
2017-03-30,34.24,34.06,33.85,34.07,1173,140163
2017-03-31,34.11,34.01,33.94,34.0,1403,164951
2017-04-03,34.12,34.09,33.7,34.04,1754,195499
2017-04-04,34.04,33.89,33.76,33.87,1102,131232
2017-04-05,34.01,33.21,33.12,34.01,2763,316060
2017-04-06,33.36,33.29,32.94,33.26,1891,191284
2017-04-07,33.4,33.0,32.8,33.36,2235,274006
2017-04-10,33.45,33.39,33.04,33.05,1549,149247
2017-04-11,33.63,33.37,33.22,33.31,1897,177359
2017-04-12,33.64,33.55,33.35,33.35,1426,145441
2017-04-13,33.76,33.31,33.3,33.44,1027,100161
2017-04-17,33.915,33.76,33.24,33.24,1294,131076
2017-04-18,33.78,33.73,33.44,33.76,1087,124046
2017-04-19,33.9,33.81,33.67,33.81,829,91789
2017-04-20,34.1,34.07,33.81,33.81,968,112580
2017-04-21,34.17,33.96,33.93,33.93,918,93998
2017-04-24,34.49,34.39,34.2,34.29,1184,191617
2017-04-25,34.95,34.89,34.32,34.8,1503,141607
2017-04-26,34.87,34.51,34.45,34.87,1251,124964
2017-04-27,34.68,34.58,34.35,34.59,1215,107829
2017-04-28,34.705,34.68,34.27,34.69,792,70759
2017-05-01,34.97,34.77,34.61,34.75,1238,88741
2017-05-02,35.14,34.74,34.63,34.89,1594,119227
2017-05-03,34.83,34.56,34.5,34.81,1361,123447
2017-05-04,34.69,34.5,34.37,34.62,1263,142505
2017-05-05,34.88,34.82,34.53,34.65,1490,105616
2017-05-08,35.0,34.83,34.6,34.8,1295,123985
2017-05-09,33.22,32.86,32.05,33.06,6464,741368
2017-05-10,33.03,32.86,32.61,32.75,2096,207075
2017-05-11,32.82,32.71,32.51,32.8,2550,300310
2017-05-12,32.73,32.16,32.04,32.72,2293,256875
2017-05-15,32.7,32.48,32.24,32.24,2283,236815
2017-05-16,32.65,32.51,32.3,32.65,1773,199807
2017-05-17,32.41,31.73,31.66,32.41,1842,162059
2017-05-18,31.85,31.77,31.46,31.65,1567,145792
2017-05-19,32.28,32.25,31.84,32.0,1022,97721
2017-05-22,32.58,32.53,32.35,32.4,1128,96097
2017-05-23,32.69,32.34,32.24,32.69,1431,149162
2017-05-24,32.48,32.42,32.13,32.34,1525,229832
2017-05-25,32.67,32.51,32.37,32.62,1073,121901
2017-05-26,32.69,32.55,32.49,32.57,1001,164801
2017-05-30,32.57,32.27,32.22,32.54,1862,208957
2017-05-31,32.68,32.63,32.08,32.42,1705,225996
2017-06-01,32.86,32.76,32.55,32.71,1279,133264
2017-06-02,32.97,32.75,32.545,32.81,1098,112351
2017-06-05,32.96,32.79,32.63,32.8,792,82505
2017-06-06,33.0,32.7,32.6,32.91,1110,173648
2017-06-07,32.73,32.48,32.43,32.73,1897,192198
2017-06-08,32.96,32.88,32.48,32.54,1536,135926
2017-06-09,33.265,32.69,32.41,32.94,1673,177188
2017-06-12,32.64,32.42,32.02,32.57,1421,130125
2017-06-13,32.74,32.54,32.33,32.56,1144,110390
2017-06-14,32.72,32.08,31.89,32.62,1444,132748
2017-06-15,31.86,31.49,31.13,31.83,1943,201074
2017-06-16,31.54,31.37,31.14,31.44,1421,306886
2017-06-19,32.55,32.4,31.22,31.47,1483,163479
2017-06-20,32.49,32.22,32.16,32.31,1301,143490
2017-06-21,32.75,32.14,32.08,32.3,1376,160048
2017-06-22,32.75,32.4,32.13,32.25,1302,140007
2017-06-23,32.44,32.06,32.03,32.42,1862,173613
2017-06-26,32.46,31.7,31.67,32.14,1577,146911
2017-06-27,31.79,31.32,31.24,31.64,1455,144548
2017-06-28,31.64,31.42,31.22,31.43,1575,138221
2017-06-29,31.38,31.1,30.88,31.35,1652,160016
2017-06-30,31.635,31.54,31.2,31.21,1320,153192
2017-07-03,31.84,31.08,31.07,31.77,693,62730
2017-07-05,31.415,31.15,30.92,31.25,1464,126906
2017-07-06,31.23,31.02,30.95,31.15,1194,106077
2017-07-07,31.42,31.38,31.09,31.11,1596,138306
2017-07-10,31.59,31.46,31.28,31.33,894,75539
2017-07-11,31.74,31.57,31.43,31.5,1334,113013
2017-07-12,32.37,32.2,31.97,32.0,1288,133148
2017-07-13,33.07,32.98,32.28,32.29,2060,192056
2017-07-14,33.62,32.97,32.89,33.11,1104,127075
2017-07-17,33.02,32.82,32.6,32.87,1380,194786
2017-07-18,32.98,32.82,32.69,32.89,1293,123414
2017-07-19,33.03,32.98,32.77,32.88,915,84566
2017-07-20,33.31,33.08,32.895,33.19,1630,165647
2017-07-21,33.11,33.06,32.86,33.06,1163,107272
2017-07-24,33.165,33.16,32.77,33.07,1006,99758
2017-07-25,33.39,33.34,33.14,33.3,1044,97241
2017-07-26,34.5,34.42,33.39,33.39,1942,180842
2017-07-27,34.565,33.89,33.64,34.51,1755,158213
2017-07-28,34.09,33.72,33.68,33.86,855,84028
2017-07-31,33.77,33.5,33.32,33.76,1781,177745
2017-08-01,33.83,33.8,33.45,33.61,830,68358
2017-08-02,33.8,33.46,33.31,33.8,1255,101347
2017-08-03,33.71,33.38,33.16,33.55,2002,181188
2017-08-04,34.95,34.49,34.34,34.9,2125,239524
2017-08-07,34.53,33.72,33.68,34.53,1087,127578
2017-08-08,33.82,32.82,32.79,33.7,2510,292327
2017-08-09,32.66,32.33,32.26,32.64,2392,239435
2017-08-10,32.31,31.77,31.77,32.27,1448,119441
2017-08-11,31.985,31.91,31.65,31.77,1353,117335
2017-08-14,32.42,31.97,31.93,32.17,1832,173235
2017-08-15,32.22,32.07,31.83,31.95,1342,117835
2017-08-16,32.5,32.48,32.08,32.08,994,91122
2017-08-17,32.68,32.15,32.135,32.39,1277,105805
2017-08-18,32.17,31.95,31.89,32.16,1219,109579
2017-08-21,32.125,32.09,31.75,31.86,931,81423
2017-08-22,32.45,32.39,32.01,32.25,896,85135
2017-08-23,32.3,32.09,32.07,32.3,767,79063
2017-08-24,32.22,31.88,31.78,32.16,1209,105693
2017-08-25,32.1,31.95,31.92,32.08,972,80868
2017-08-28,32.08,31.86,31.73,32.08,671,51721
2017-08-29,31.82,31.64,31.61,31.73,886,74448
2017-08-30,31.64,31.6,31.48,31.64,1482,141252
2017-08-31,32.255,32.24,31.65,31.84,1636,116548
2017-09-01,32.47,32.36,32.21,32.32,886,97932
2017-09-05,32.34,31.84,31.75,32.29,1067,99400
2017-09-06,32.18,32.01,31.71,31.95,877,86917
2017-09-07,32.2,32.12,32.0,32.09,862,86184
2017-09-08,32.11,32.07,31.94,32.09,1285,106813
2017-09-11,32.355,32.33,31.92,32.19,1422,120411
2017-09-12,32.48,32.28,32.25,32.47,723,65426
2017-09-13,32.35,32.27,32.12,32.34,1040,182779
2017-09-14,32.31,32.27,32.12,32.28,1380,137083
2017-09-15,32.42,32.24,32.14,32.32,1456,192624
2017-09-18,32.31,32.14,32.0,32.25,2251,256232
2017-09-19,32.17,31.98,31.94,31.97,959,99354
2017-09-20,32.04,31.66,31.47,31.98,1816,205226
2017-09-21,31.99,31.79,31.47,31.75,1041,94205
2017-09-22,32.2,32.07,31.9,32.08,1293,160556
2017-09-25,32.06,31.75,31.7,32.06,862,92410
2017-09-26,31.88,31.43,31.21,31.88,2163,244611
2017-09-27,31.92,31.63,31.6,31.72,1243,130602
2017-09-28,31.915,31.86,31.61,31.61,493,53612
2017-09-29,32.42,32.29,31.91,31.98,1777,162278
2017-10-02,32.73,32.5,32.23,32.28,1638,179370
2017-10-03,32.66,32.31,32.265,32.5,1208,83610
2017-10-04,32.86,32.85,32.23,32.26,970,116749
2017-10-05,33.13,33.13,32.68,32.9,1127,99720
2017-10-06,33.27,33.25,32.97,33.0,754,71027
2017-10-09,33.41,33.36,33.16,33.3,510,44680
2017-10-10,33.61,33.45,33.33,33.45,1082,96011
2017-10-11,33.79,33.65,33.45,33.45,770,69892
2017-10-12,33.84,33.42,33.385,33.71,1087,109753
2017-10-13,33.82,33.68,33.48,33.54,539,59720
2017-10-16,33.79,33.67,33.47,33.47,389,56709
2017-10-17,33.82,33.7,33.61,33.68,817,115276
2017-10-18,34.04,33.83,33.72,33.84,913,106091
2017-10-19,33.88,33.86,33.7,33.79,800,90546
2017-10-20,33.89,33.79,33.7,33.87,1007,153632
2017-10-23,34.02,33.89,33.79,33.87,737,81138
2017-10-24,34.13,34.09,33.92,33.99,393,114840
2017-10-25,34.16,33.96,33.77,34.06,686,74545
2017-10-26,34.395,34.38,33.89,33.99,970,93093
2017-10-27,34.83,34.72,34.13,34.56,1403,150182
2017-10-30,35.115,34.94,34.72,34.74,1292,107893
2017-10-31,35.15,34.98,34.79,34.97,1064,122550
2017-11-01,35.1,34.26,34.05,35.07,1836,177952
2017-11-02,34.37,34.2,34.0,34.37,1334,129091
2017-11-03,35.45,34.48,34.37,35.05,2612,317088
2017-11-06,34.55,34.25,34.16,34.38,1015,108765
2017-11-07,34.22,33.73,33.47,34.22,1210,118295
2017-11-08,33.87,33.4,33.29,33.69,1256,120839
2017-11-09,33.22,32.83,32.58,33.22,1346,124611
2017-11-10,33.48,33.42,32.76,32.79,1024,129620
2017-11-13,33.41,33.41,33.14,33.26,827,82469
2017-11-14,33.39,33.23,32.98,33.25,1210,108722
2017-11-15,33.26,33.18,33.01,33.11,1149,144141
2017-11-16,33.32,33.1,33.08,33.22,1874,172277
2017-11-17,33.18,33.06,32.83,33.12,1928,139516
2017-11-20,33.55,33.53,32.9,33.06,1154,112483
2017-11-21,33.92,33.91,33.53,33.61,1178,116626
2017-11-22,33.71,33.02,32.79,33.43,2827,306531
2017-11-24,33.14,33.02,32.95,32.99,743,93248
2017-11-27,33.35,33.1,33.02,33.08,1263,136055
2017-11-28,33.2,33.06,32.83,33.2,1790,177955
2017-11-29,33.0,32.63,32.16,32.96,1371,157956
2017-11-30,32.7,32.61,32.3,32.7,1967,265437
2017-12-01,32.81,32.47,32.18,32.65,1663,167530
2017-12-04,32.66,32.27,32.06,32.55,1844,178364
2017-12-05,32.59,32.45,32.2,32.27,1438,141480
2017-12-06,32.51,32.18,32.09,32.42,1538,137891
2017-12-07,32.49,32.34,32.05,32.14,1432,137909
2017-12-08,32.75,32.53,32.39,32.39,1111,111187
2017-12-11,33.05,32.9,32.61,32.61,1101,104873
2017-12-12,32.89,32.6,32.58,32.89,793,76186
2017-12-13,32.84,32.71,32.49,32.7,820,71790
2017-12-14,32.96,32.89,32.7,32.76,921,97313
2017-12-15,33.02,32.79,32.7,32.99,1289,369896
2017-12-18,32.94,32.69,32.56,32.84,1180,125565
2017-12-19,32.81,32.71,32.45,32.71,899,88565
2017-12-20,32.83,32.73,32.34,32.74,1377,134380
2017-12-21,32.93,32.71,32.67,32.8,1051,108777
2017-12-22,32.82,32.76,32.57,32.71,918,100285
2017-12-26,33.09,33.03,32.7,32.75,632,59287
2017-12-27,33.15,33.01,32.92,33.01,780,108265
2017-12-28,35.75,35.52,34.22,34.22,5444,647593
2017-12-29,35.8,35.67,35.33,35.53,4000,690903
2018-01-02,35.67,34.81,34.155,35.67,3688,472435
2018-01-03,34.89,34.38,34.3,34.89,1445,166668
2018-01-04,34.56,34.35,34.18,34.52,1152,147305
2018-01-05,34.51,34.31,34.13,34.49,1193,142454
2018-01-08,34.25,33.97,33.92,34.21,1262,150719
2018-01-09,34.12,33.83,33.7,34.1,1092,95564
2018-01-10,33.77,33.5,33.29,33.77,1709,192858
2018-01-11,33.85,33.79,33.2,33.56,1365,154167
2018-01-12,34.25,33.81,33.74,33.8,1175,118629
2018-01-16,33.85,33.6,33.41,33.84,1806,190699
2018-01-17,33.785,33.7,33.46,33.62,1741,165313
2018-01-18,33.93,33.7,33.59,33.68,1016,86620
2018-01-19,33.78,33.66,33.57,33.75,912,91506
2018-01-22,33.77,33.76,33.45,33.58,1968,181628
2018-01-23,34.13,34.08,33.55,33.81,1227,105748
2018-01-24,34.68,34.35,34.07,34.21,1665,148115
2018-01-25,34.49,33.88,33.84,34.4,1112,105204
2018-01-26,34.21,34.21,33.81,33.98,1004,91130
2018-01-29,34.35,34.17,33.94,34.2,1781,199297
2018-01-30,34.26,34.11,33.92,33.96,1280,184577
2018-01-31,34.43,34.25,33.96,34.09,2206,228333
2018-02-01,40.26,38.6,37.05,37.76,8380,1041407
2018-02-02,38.0,36.5,36.49,38.0,4801,575618
2018-02-05,36.98,35.87,35.8,36.34,4549,511897
2018-02-06,35.82,35.55,34.8,35.43,3844,428834
2018-02-07,35.64,35.02,34.88,35.47,2746,279719
2018-02-08,35.17,34.31,34.31,35.17,3076,356314
2018-02-09,34.61,34.43,33.49,34.51,2475,238494
2018-02-12,34.92,34.7,34.44,34.68,1672,145606
2018-02-13,34.76,34.7,34.31,34.71,1981,222622
2018-02-14,35.665,35.48,34.5,34.63,2604,253151
2018-02-15,35.65,35.35,34.95,35.65,1253,126770
2018-02-16,35.36,35.11,34.91,35.18,1535,157558
2018-02-20,35.23,34.97,34.43,35.01,2113,205820
2018-02-21,35.31,34.69,34.68,35.1,1418,145616
2018-02-22,34.89,34.55,34.44,34.81,1978,191908
2018-02-23,35.42,35.41,34.5,34.73,1900,179677
2018-02-26,35.78,35.72,35.4,35.57,1420,157080
2018-02-27,35.83,35.5,35.36,35.76,1544,133615
2018-02-28,35.8,35.08,35.04,35.48,1349,133641
2018-03-01,35.09,34.68,34.43,35.07,1570,156895
2018-03-02,35.1,34.84,34.26,34.51,1547,161371
2018-03-05,35.08,34.98,34.45,34.55,1702,277361
2018-03-06,35.39,35.15,34.93,35.12,1622,138773
2018-03-07,35.8,35.49,34.99,34.99,1396,152175
2018-03-08,36.1,36.08,35.5,35.5,1458,148084
2018-03-09,36.36,36.22,35.98,36.36,1680,173763
2018-03-12,36.45,36.39,36.05,36.28,1154,107732
2018-03-13,36.71,36.24,36.19,36.5,1695,167932
2018-03-14,36.57,36.46,36.15,36.46,1607,144306
2018-03-15,36.46,36.24,36.0,36.46,1108,82332
2018-03-16,36.83,36.31,36.25,36.39,1441,156139
2018-03-19,36.31,35.62,35.4,36.22,1639,144908
2018-03-20,35.84,35.44,35.26,35.63,1125,124552
2018-03-21,36.12,35.73,35.54,35.54,1427,120873
2018-03-22,35.51,34.71,34.58,35.48,1935,202498
2018-03-23,34.93,34.24,34.23,34.8,1569,175977
2018-03-26,34.69,34.64,34.18,34.66,1505,159237
2018-03-27,34.79,34.06,33.91,34.79,1734,191188
2018-03-28,34.33,34.04,33.79,34.06,2080,229262
2018-03-29,34.88,34.8,33.99,34.22,1477,167544
2018-04-02,34.66,33.96,33.78,34.66,1780,199005
2018-04-03,34.38,34.34,33.96,33.96,1548,172334
2018-04-04,34.55,34.45,33.75,33.93,874,99212
2018-04-05,35.04,34.36,34.15,34.72,1114,118761
2018-04-06,34.57,34.16,33.88,34.08,1341,124830
2018-04-09,34.94,34.54,34.22,34.22,1421,140748
2018-04-10,35.05,34.64,34.33,34.9,996,99594
2018-04-11,34.55,34.19,34.15,34.55,1235,126956
2018-04-12,34.61,34.45,34.23,34.47,810,65507
2018-04-13,34.67,34.18,33.97,34.67,797,71439
2018-04-16,34.6,34.55,34.21,34.23,775,88913
2018-04-17,36.46,35.86,34.76,34.76,4107,560397
2018-04-18,35.98,35.79,35.61,35.9,1318,164980
2018-04-19,35.85,35.42,35.25,35.72,1035,121436
2018-04-20,35.42,35.3,35.08,35.42,1440,137419
2018-04-23,35.56,35.19,35.12,35.27,1498,165463
2018-04-24,35.49,34.93,34.81,35.44,1081,99193
2018-04-25,35.08,35.04,34.61,34.82,1091,96679
2018-04-26,35.81,35.52,35.08,35.08,1276,121567
2018-04-27,35.99,35.53,35.45,35.8,1160,104972
2018-04-30,36.06,35.33,35.32,35.69,1212,110594
2018-05-01,35.84,35.83,35.24,35.24,1033,82292
2018-05-02,36.37,36.11,35.89,35.96,1614,141989
2018-05-03,36.16,35.93,35.46,35.8,1590,134095
2018-05-04,36.25,36.18,35.65,35.78,1175,94911
2018-05-07,36.72,36.57,36.22,36.36,1095,100384
2018-05-08,36.57,36.37,36.3,36.56,2291,194719
2018-05-09,36.77,36.59,36.16,36.46,2223,211564
2018-05-10,34.92,34.71,33.26,34.2,6938,912625
2018-05-11,35.51,34.84,34.8,34.89,2483,254197
2018-05-14,35.12,34.64,34.55,34.86,2207,202590
2018-05-15,34.48,34.05,34.01,34.48,1374,118730
2018-05-16,34.2,34.13,33.82,34.13,2388,248031
2018-05-17,34.19,33.99,33.955,34.11,1267,120832
2018-05-18,34.09,34.0,33.91,34.02,1213,130505
2018-05-21,34.23,34.09,34.01,34.17,465,52035
2018-05-22,34.58,34.19,34.12,34.14,1112,103535
2018-05-23,34.45,34.43,33.9,33.9,1161,105300
2018-05-24,34.7,34.65,34.375,34.45,1202,123486
2018-05-25,35.17,34.73,34.61,34.61,978,89083
2018-05-29,34.38,34.23,33.88,34.38,1098,100845
2018-05-30,35.02,34.8,34.45,34.5,1157,128702
2018-05-31,34.93,34.87,34.5,34.88,1449,151785
2018-06-01,35.5,35.31,34.93,35.05,1233,121633
2018-06-04,35.45,35.32,35.12,35.4,601,64159
2018-06-05,35.64,35.52,35.18,35.45,1437,262111
2018-06-06,35.76,35.66,35.48,35.71,821,89511
2018-06-07,35.74,35.41,35.25,35.6,781,75984
2018-06-08,35.74,35.67,35.31,35.4,636,56862
2018-06-11,36.03,35.83,35.72,35.8,971,94964
2018-06-12,36.18,36.13,35.82,35.82,814,89676
2018-06-13,36.57,36.32,36.1,36.25,1264,153563
2018-06-14,36.58,35.97,35.93,36.35,1911,177637
2018-06-15,36.01,35.92,35.37,35.96,1436,349632
2018-06-18,35.9,35.66,35.36,35.72,1787,155506
2018-06-19,35.675,35.47,35.29,35.48,1727,172299
2018-06-20,36.17,35.96,35.44,35.66,1559,153022
2018-06-21,36.09,35.72,35.6,36.09,1908,204286
2018-06-22,35.94,35.78,35.3,35.72,2134,178546
2018-06-25,35.52,34.81,34.68,35.52,2264,235655
2018-06-26,35.14,34.92,34.53,34.9,1347,136042
2018-06-27,35.22,34.56,34.53,35.15,1259,114873
2018-06-28,35.0,34.96,34.51,34.51,1179,100609
2018-06-29,35.32,35.19,35.02,35.09,1298,123247
2018-07-02,35.51,35.51,34.99,34.99,869,93924
2018-07-03,35.94,35.59,35.23,35.66,623,62038
2018-07-05,36.09,36.05,35.5,35.61,748,74398
2018-07-06,36.48,36.44,36.11,36.12,1272,141610
2018-07-09,36.99,36.96,36.43,36.58,804,84729
2018-07-10,37.29,37.16,36.87,36.93,1194,108094
2018-07-11,37.15,36.85,36.7,36.98,1429,168988
2018-07-12,37.84,37.76,37.07,37.07,1595,140708
2018-07-13,38.14,37.92,37.68,37.73,1028,109660
2018-07-16,38.23,38.07,37.77,37.83,934,95711
2018-07-17,37.75,37.43,37.03,37.75,1353,172187
2018-07-18,37.83,37.72,37.28,37.5,1007,117711
2018-07-19,37.81,37.68,37.38,37.63,970,104321
2018-07-20,38.14,37.91,37.71,37.71,1164,158515
2018-07-23,37.86,37.69,37.43,37.86,1015,115224
2018-07-24,38.08,37.55,37.35,37.97,1022,105588
2018-07-25,37.98,37.97,37.59,37.72,856,89696
2018-07-26,38.58,38.42,37.83,37.83,1245,134424
2018-07-27,38.58,37.83,37.55,38.45,2020,198149
2018-07-30,37.96,36.96,36.89,37.93,1619,142708
2018-07-31,37.38,37.2,36.97,37.0,1749,229006
2018-08-01,37.68,37.37,37.07,37.21,2060,225826
2018-08-02,37.86,37.76,37.07,37.27,1566,138489
2018-08-03,40.0,39.27,38.99,39.5,4510,476381
2018-08-06,39.54,38.93,38.52,39.24,2825,291822
2018-08-07,39.19,38.66,38.34,38.92,2062,205259
2018-08-08,39.3,39.28,38.58,38.65,2093,209940
2018-08-09,39.68,39.32,39.2,39.3,1611,150405
2018-08-10,39.17,38.98,38.83,39.11,1324,118924
2018-08-13,39.36,39.0,38.78,39.0,1020,100085
2018-08-14,39.39,39.34,38.93,39.15,2168,210411
2018-08-15,39.16,38.67,38.58,39.15,2227,203226
2018-08-16,39.02,38.78,38.71,38.8,1368,151901
2018-08-17,38.87,38.83,38.32,38.72,1140,103554
2018-08-20,38.95,38.71,38.58,38.92,1665,134747
2018-08-21,38.86,38.52,38.42,38.86,1512,101567
2018-08-22,38.55,38.44,38.35,38.44,1625,140295
2018-08-23,38.98,38.83,38.3,38.51,2077,157254
2018-08-24,39.1,38.94,38.67,39.0,1736,159595
2018-08-27,39.11,38.93,38.88,39.11,1474,136463
2018-08-28,39.25,38.98,38.82,39.11,1647,144425
2018-08-29,39.55,39.33,38.96,38.96,1414,134264
2018-08-30,39.74,39.73,39.11,39.19,2324,218621
2018-08-31,39.63,39.25,39.12,39.55,1526,136893
2018-09-04,39.43,39.36,38.89,39.21,1168,99961
2018-09-05,39.36,38.9,38.335,39.27,2180,268520
2018-09-06,39.03,38.49,38.3,38.85,1308,128367
2018-09-07,38.55,38.37,38.13,38.16,990,100951
2018-09-10,38.51,38.44,38.36,38.44,1845,180442
2018-09-11,38.54,38.43,38.23,38.39,1135,95730
2018-09-12,38.54,38.32,37.95,38.4,1390,154432
2018-09-13,38.61,38.31,38.17,38.34,1419,137072
2018-09-14,38.82,38.62,38.3,38.33,1235,102525
2018-09-17,38.8,38.16,38.13,38.62,1032,90573
2018-09-18,38.48,38.21,38.13,38.13,1502,113177
2018-09-19,38.23,38.18,37.76,38.18,1250,120466
2018-09-20,38.55,38.51,38.26,38.31,883,64601
2018-09-21,38.67,38.17,38.15,38.54,1036,121450
2018-09-24,38.09,37.99,37.77,38.02,1051,95050
2018-09-25,38.2,37.98,37.96,38.2,897,74104
2018-09-26,38.36,37.91,37.84,38.04,952,80195
2018-09-27,38.54,38.49,37.96,38.05,2025,186450
2018-09-28,38.53,38.04,37.87,38.41,2121,179690
2018-10-01,38.57,37.77,37.71,38.23,1258,112982
2018-10-02,37.77,37.21,37.14,37.77,1013,93464
2018-10-03,37.33,37.13,36.98,37.28,1318,116394
2018-10-04,37.12,36.58,36.14,37.12,1571,165046
2018-10-05,36.81,36.22,36.02,36.63,1342,117274
2018-10-08,37.23,35.9,35.6,36.21,1377,128680
2018-10-09,36.02,35.59,35.56,35.73,1360,115837
2018-10-10,35.58,34.17,34.165,35.58,2361,241278
2018-10-11,34.58,33.97,33.92,34.01,2262,196352
2018-10-12,34.87,34.78,34.31,34.69,2011,176015
2018-10-15,34.75,34.12,34.09,34.68,1360,128886
2018-10-16,35.07,35.01,34.33,34.49,1451,138627
2018-10-17,35.1,34.87,34.6,35.1,1388,120254
2018-10-18,34.83,34.33,34.33,34.83,1299,106342
2018-10-19,34.56,33.99,33.9,34.52,871,77467
2018-10-22,34.49,34.35,33.97,34.16,1903,181224
2018-10-23,34.54,34.38,33.36,33.8,1586,156472
2018-10-24,34.61,33.56,33.56,34.48,1693,134415
2018-10-25,34.12,33.71,33.6,33.75,1622,133024
2018-10-26,33.44,33.11,32.67,33.14,1721,133209
2018-10-29,33.78,32.73,32.33,33.67,2487,204979
2018-10-30,33.27,33.27,32.57,32.72,1713,148402
2018-10-31,34.16,33.8,33.42,33.67,1552,125517
2018-11-01,34.18,33.97,31.99,31.99,3952,361351
2018-11-02,34.11,33.16,32.94,33.83,1894,184474
2018-11-05,33.32,32.96,32.86,33.18,1766,165806
2018-11-06,33.3,33.1,32.73,32.88,1420,128283
2018-11-07,33.88,33.71,33.37,33.37,1649,125584
2018-11-08,33.865,33.35,33.26,33.71,1700,164767
2018-11-09,33.27,33.05,32.77,33.27,1193,87743
2018-11-12,32.93,32.44,32.33,32.93,1451,106312
2018-11-13,33.26,32.95,32.52,32.64,2126,187026
2018-11-14,33.46,32.73,32.57,33.25,1782,153318
2018-11-15,33.08,32.89,32.56,32.7,1891,198482
2018-11-16,33.27,33.2,32.67,32.83,1640,134973
2018-11-19,33.23,32.52,32.29,33.23,2059,153863
2018-11-20,32.8,32.56,32.0,32.0,2925,258960
2018-11-21,33.79,33.44,32.74,32.85,2161,214352
2018-11-23,33.74,33.5,33.13,33.13,745,72835
2018-11-26,34.15,34.12,33.63,33.72,1845,160451
2018-11-27,34.37,34.09,33.86,33.86,1661,143751
2018-11-28,34.76,34.59,34.19,34.2,1486,139826
2018-11-29,34.58,34.0,33.96,34.39,1261,100343
2018-11-30,34.36,34.31,33.74,34.02,1103,88459
2018-12-03,34.93,34.58,34.16,34.93,1333,128430
2018-12-04,34.81,34.23,34.03,34.49,1493,141498
2018-12-06,33.68,33.43,33.02,33.68,2392,296882
2018-12-07,33.48,33.06,32.82,33.43,1311,112348
2018-12-10,33.52,33.35,32.86,33.05,1223,120423
2018-12-11,34.17,33.49,33.39,33.63,1450,95119
2018-12-12,34.65,34.04,33.7,33.82,2907,262079
2018-12-13,34.34,33.88,33.62,34.16,835,79552
2018-12-14,33.48,32.74,32.62,33.48,1842,200251
2018-12-17,32.78,32.01,31.89,32.64,1421,123215
2018-12-18,33.49,33.31,32.2,32.2,2841,300908
2018-12-19,33.62,32.97,32.76,33.19,1704,151336
2018-12-20,33.42,32.64,32.1,32.86,2446,197945
2018-12-21,32.98,31.44,31.37,32.71,2086,480832
2018-12-24,31.76,31.44,30.99,31.41,958,110624
2018-12-26,32.61,32.61,31.5,31.65,1745,160658
2018-12-27,32.67,32.66,31.9,32.2,1948,241392
2018-12-28,32.77,32.44,32.3,32.76,1323,151167
2018-12-31,32.78,32.6,32.27,32.74,1425,141115
2019-01-02,32.5,32.43,31.98,32.1,1420,171171
2019-01-03,32.36,31.45,31.43,32.18,1072,105122
2019-01-04,32.31,32.21,31.81,31.91,997,93063
2019-01-07,32.85,32.76,32.04,32.22,1983,181617
2019-01-08,33.8,33.71,32.84,33.05,1726,171193
2019-01-09,34.295,34.18,33.63,33.78,2129,186718
2019-01-10,34.58,34.47,33.75,34.03,1215,121805
2019-01-11,34.53,34.49,34.08,34.33,1182,110340
2019-01-14,34.37,34.27,33.89,34.19,704,65301
2019-01-15,34.5,34.41,34.21,34.28,1163,107866
2019-01-16,34.76,34.5,34.41,34.46,956,92527
2019-01-17,34.86,34.81,34.35,34.42,780,80511
2019-01-18,35.35,35.29,34.91,34.91,1014,106728
2019-01-22,34.94,34.78,34.51,34.65,1393,146409
2019-01-23,35.22,34.97,34.58,35.12,1153,117531
2019-01-24,35.56,35.23,35.05,35.05,1345,131515
2019-01-25,36.15,35.81,35.48,35.48,2060,206499
2019-01-28,35.64,35.5,35.24,35.55,1630,187948
2019-01-29,35.74,35.09,34.99,35.42,1250,142220
2019-01-30,35.33,35.27,34.805,35.33,2231,265773
2019-01-31,35.9,35.64,35.335,35.48,1823,179789
2019-02-01,38.22,37.24,36.8,36.83,3999,389184
2019-02-04,37.64,37.6,36.78,37.05,2872,335986
2019-02-05,37.91,37.69,37.5,37.7,1699,186720
2019-02-06,37.69,37.48,37.34,37.69,1458,144145
2019-02-07,37.29,36.94,36.68,37.16,1396,132422
2019-02-08,37.12,37.03,36.77,36.82,1188,113944
2019-02-11,37.22,36.7,36.61,37.01,1373,144710
2019-02-12,37.18,36.86,36.68,36.91,1446,132239
2019-02-13,37.3,37.06,36.93,37.02,1546,190922
2019-02-14,37.56,37.41,36.83,37.0,1791,209706
2019-02-15,37.59,37.56,37.11,37.45,1502,153248
2019-02-19,37.64,37.54,37.28,37.46,1248,106253
2019-02-20,37.97,37.68,37.53,37.53,1970,185880
2019-02-21,37.84,37.41,37.39,37.68,1155,107185
2019-02-22,37.97,37.89,37.45,37.45,947,80042
2019-02-25,38.32,38.08,38.0,38.0,1057,90212
2019-02-26,38.34,38.2,38.0,38.0,1282,116654
2019-02-27,38.42,38.37,37.97,38.33,1341,129211
2019-02-28,38.41,37.92,37.91,38.18,1587,142383
2019-03-01,38.28,38.07,37.94,37.94,1399,126893
2019-03-04,38.27,37.86,37.66,38.22,1353,98905
2019-03-05,38.1,37.82,37.78,37.87,1411,130952
2019-03-06,38.16,37.87,37.7,37.7,1479,137007
2019-03-07,38.02,37.6,37.38,37.95,1580,117592
2019-03-08,37.58,37.57,37.05,37.47,1285,83895
2019-03-11,37.85,37.74,37.53,37.64,1483,115111
2019-03-12,38.11,38.02,37.49,37.5,1844,169772
2019-03-13,38.32,38.0,37.985,38.2,738,64053
2019-03-14,38.14,37.89,37.7,38.01,1419,136472
2019-03-15,38.17,38.1,37.79,37.89,1204,398281
2019-03-18,38.59,38.15,37.74,38.59,1784,222133
2019-03-19,38.77,38.38,38.23,38.37,1228,138001
2019-03-20,38.35,37.85,37.73,38.35,1510,125037
2019-03-21,38.25,38.15,37.69,37.74,986,95473
2019-03-22,38.01,37.44,37.33,38.01,1126,85458
2019-03-25,37.53,37.51,37.18,37.42,1106,94008
2019-03-26,37.99,37.74,37.66,37.73,1076,79316
2019-03-27,38.06,37.9,37.51,37.74,1129,117229
2019-03-28,38.5,38.48,37.8,37.99,1967,150312
2019-03-29,38.82,38.43,38.07,38.7,964,92500
2019-04-01,38.82,38.55,38.23,38.56,1323,126945
2019-04-02,38.54,38.46,38.14,38.54,1125,100123
2019-04-03,38.85,38.67,38.4,38.49,998,92229
2019-04-04,38.64,38.07,37.92,38.6,995,115596
2019-04-05,38.49,38.47,38.06,38.32,1108,114117
2019-04-08,38.69,38.28,37.99,38.5,1129,161661
2019-04-09,38.605,38.57,38.09,38.14,1022,85691
2019-04-10,38.76,38.46,38.445,38.61,1001,76531
2019-04-11,38.73,38.62,38.22,38.64,785,63150
2019-04-12,38.85,38.82,38.64,38.8,532,43776
2019-04-15,38.96,38.61,38.535,38.77,960,96422
2019-04-16,39.29,38.71,38.64,38.78,1245,124995
2019-04-17,38.96,38.05,37.92,38.96,1101,106522
2019-04-18,38.12,38.08,37.58,38.06,845,84341
2019-04-22,38.27,37.94,37.85,38.03,1117,87975
2019-04-23,38.145,38.12,37.85,37.99,999,112359
2019-04-24,38.42,38.14,38.09,38.31,794,77880
2019-04-25,38.38,38.35,38.0,38.15,805,65034
2019-04-26,38.43,38.42,37.93,38.33,748,69866
2019-04-29,38.42,38.27,38.03,38.42,1286,111423
2019-04-30,38.63,38.45,38.15,38.39,1352,126074
2019-05-01,38.67,38.44,38.27,38.57,2080,180755
2019-05-02,40.33,39.75,38.63,39.5,3106,293555
2019-05-03,40.32,40.29,39.75,39.75,1694,179876
2019-05-06,40.26,40.2,39.52,39.53,1283,122913
2019-05-07,40.1,39.32,39.2,40.1,1158,122494
2019-05-08,40.45,40.24,39.3,39.4,1640,155769
2019-05-09,40.39,40.22,39.7,39.79,1626,151977
2019-05-10,40.49,40.35,39.61,40.21,1397,111523
2019-05-13,39.825,39.59,39.51,39.8,2103,189352
2019-05-14,39.88,39.72,39.5,39.61,1426,133458
2019-05-15,40.15,39.93,39.66,39.66,1758,139581
2019-05-16,40.38,40.3,39.86,39.93,2680,269981
2019-05-17,40.98,40.8,40.12,40.13,2232,195505
2019-05-20,40.72,40.43,40.31,40.65,1203,104108
2019-05-21,41.04,40.94,40.71,40.79,1121,108137
2019-05-22,41.125,41.03,40.77,40.8,1421,159142
2019-05-23,40.77,40.35,40.11,40.74,1270,153326
2019-05-24,40.89,40.47,40.45,40.59,964,101305
2019-05-28,40.93,40.57,40.54,40.62,1035,90951
2019-05-29,40.58,39.9,39.84,40.43,1167,177644
2019-05-30,39.9,39.76,39.64,39.88,851,85039
2019-05-31,39.92,39.72,39.48,39.54,943,123323
2019-06-03,39.86,39.0,38.82,39.8,1905,156231
2019-06-04,39.6,39.59,38.88,39.3,1595,144611
2019-06-05,40.19,40.11,39.76,39.89,1005,120707
2019-06-06,40.805,40.75,40.27,40.31,1357,162599
2019-06-07,41.35,41.11,40.92,40.92,1095,124578
2019-06-10,41.57,41.28,41.2,41.42,952,103969
2019-06-11,41.57,40.99,40.64,41.57,1035,93423
2019-06-12,41.34,41.27,40.875,41.05,1019,106660
2019-06-13,41.49,41.36,41.18,41.48,812,74248
2019-06-14,41.305,41.26,41.0,41.12,1069,103973
2019-06-17,41.13,40.84,40.65,41.08,3433,329254
2019-06-18,41.3,41.23,40.87,41.14,1729,180617
2019-06-19,41.39,41.34,40.84,41.39,2125,219333
2019-06-20,42.34,41.57,41.44,41.92,3035,317541
2019-06-21,41.48,41.14,41.025,41.28,3445,3415739
2019-06-24,41.945,41.67,41.23,41.35,2388,220801
2019-06-25,41.73,40.89,40.86,41.64,1383,119370
2019-06-26,41.22,41.03,40.67,41.15,1276,101226
2019-06-27,41.47,41.19,41.05,41.18,1539,140499
2019-06-28,41.44,41.2,41.06,41.32,1814,364205
2019-07-01,41.58,41.36,41.2,41.52,1077,88539
2019-07-02,41.95,41.88,41.37,41.38,996,77864
2019-07-03,42.4,42.33,41.98,41.99,484,41717
2019-07-05,42.34,42.0,41.63,42.33,966,86829
2019-07-08,41.94,41.83,41.53,41.79,1225,107833
2019-07-09,42.88,42.45,41.79,41.79,1561,145075
2019-07-10,43.09,42.56,42.405,42.56,1763,172266
2019-07-11,43.07,42.95,42.7,42.99,1195,118080
2019-07-12,43.11,42.5,42.36,43.04,1305,119863
2019-07-15,42.78,42.75,42.29,42.46,1203,105516
2019-07-16,42.81,42.44,42.39,42.76,1331,114902
2019-07-17,42.86,42.52,42.51,42.56,764,61444
2019-07-18,42.76,42.68,42.35,42.5,1157,105430
2019-07-19,42.97,42.73,42.7,42.78,1517,138366
2019-07-22,43.53,43.38,42.7,42.74,1922,180269
2019-07-23,43.5,43.22,42.99,43.5,1552,126517
2019-07-24,43.755,43.71,42.99,43.24,1415,123831
2019-07-25,43.99,43.91,43.49,43.71,1855,187882
2019-07-26,44.49,44.06,43.92,44.03,1569,144039
2019-07-29,44.38,43.7,43.46,44.21,1519,105594
2019-07-30,43.59,43.2,43.14,43.4,1429,125328
2019-07-31,43.33,42.63,42.18,43.25,1605,150140
2019-08-01,43.26,42.4,42.375,42.83,2441,200582
2019-08-02,41.19,38.76,38.66,41.03,4529,455504
2019-08-05,38.62,37.53,37.15,38.02,2546,243126
2019-08-06,38.21,37.84,37.49,37.95,2195,201061
2019-08-07,38.06,37.97,37.48,37.59,2279,204545
2019-08-08,38.68,38.55,37.99,38.16,1653,180410
2019-08-09,38.58,38.43,38.14,38.46,1555,125982
2019-08-12,38.5,38.34,38.13,38.19,2039,167966
2019-08-13,38.5,38.36,38.08,38.28,1701,130415
2019-08-14,38.07,37.55,37.18,37.74,1989,153644
2019-08-15,37.96,37.89,37.53,37.56,2060,168539
2019-08-16,38.505,38.46,38.06,38.08,1491,125568
2019-08-19,38.88,38.69,38.49,38.88,1501,107533
2019-08-20,38.71,38.59,38.36,38.7,1714,121823
2019-08-21,39.16,38.95,38.89,39.05,1539,118307
2019-08-22,39.16,39.08,38.63,38.92,1565,112081
2019-08-23,39.29,38.57,38.495,38.99,1834,141117
2019-08-26,38.94,38.49,38.24,38.94,1820,133017
2019-08-27,38.81,38.61,38.29,38.63,1414,116241
2019-08-28,38.58,38.51,38.22,38.58,1315,110488
2019-08-29,38.93,38.85,38.6,38.68,1599,120992
2019-08-30,39.21,39.09,38.79,39.0,1221,94730
2019-09-03,39.64,39.54,38.61,38.7,2999,267827
2019-09-04,40.45,40.33,39.81,39.81,2638,232990
2019-09-05,41.94,41.53,40.69,40.69,3370,297417
2019-09-06,41.87,41.51,41.47,41.55,2292,213174
2019-09-09,41.6,41.37,40.99,41.6,1993,148090
2019-09-10,41.37,40.96,40.405,41.37,2022,128083
2019-09-11,41.18,41.18,40.71,41.07,1844,131548
2019-09-12,41.5,41.25,41.06,41.32,2434,162722
2019-09-13,41.38,40.93,40.76,41.23,2023,141844
2019-09-16,41.0,40.88,40.61,40.85,1476,109582
2019-09-17,41.14,40.99,40.79,40.89,1866,156845
2019-09-18,41.02,40.86,40.39,40.99,2728,318249
2019-09-19,41.44,41.19,40.87,40.96,1993,175621
2019-09-20,41.77,41.39,41.11,41.25,2959,397581
2019-09-23,41.2,41.05,40.76,41.16,1984,127234
2019-09-24,41.26,40.63,40.55,41.26,1571,107625
2019-09-25,41.04,40.93,40.17,40.69,1510,121941
2019-09-26,41.08,40.88,40.505,41.06,1451,115829
2019-09-27,41.14,40.54,40.29,41.11,1731,92979
2019-09-30,41.09,40.81,40.49,40.57,1505,99868
2019-10-01,41.24,40.38,40.38,41.0,1351,88676
2019-10-02,40.22,39.61,39.2,40.1,2052,161449
2019-10-03,40.08,40.0,39.22,39.6,1697,131086
2019-10-04,40.52,40.44,40.18,40.18,1129,80275
2019-10-07,40.53,40.24,40.0,40.12,1484,128610
2019-10-08,40.3,39.88,39.75,40.03,1976,134089
2019-10-09,40.55,40.49,40.16,40.16,1134,68224
2019-10-10,40.49,40.29,39.96,40.2,1735,135437
2019-10-11,41.125,40.77,40.57,40.57,1897,143211
2019-10-14,40.79,40.64,40.44,40.68,602,38489
2019-10-15,40.95,40.71,40.55,40.83,1860,133386
2019-10-16,40.9,40.79,40.3,40.46,1674,140519
2019-10-17,41.13,40.85,40.73,40.94,1363,147680
2019-10-18,42.65,39.34,39.3,40.93,6313,632731
2019-10-21,40.33,39.92,39.71,39.88,3637,399631
2019-10-22,40.12,39.28,39.2,39.96,3738,398847
2019-10-23,39.68,39.5,39.25,39.25,1824,158048
2019-10-24,40.1,39.88,39.64,39.83,2233,200321
2019-10-25,40.21,40.03,39.73,40.01,1309,118131
2019-10-28,40.47,40.33,39.98,40.18,1315,85574
2019-10-29,40.47,40.2,40.15,40.36,1106,79167
2019-10-30,40.41,40.36,39.86,40.28,2594,160627
2019-10-31,40.5,40.26,40.11,40.5,1605,124123
2019-11-01,41.61,41.13,39.69,39.88,2429,209234
2019-11-04,41.38,41.19,41.05,41.2,2157,159142
2019-11-05,41.42,40.98,40.92,41.2,3912,415010
2019-11-06,41.04,40.95,40.83,40.88,1608,112029
2019-11-07,41.5,41.17,41.0,41.0,1617,125390
2019-11-08,41.58,41.56,41.03,41.08,1559,116144
2019-11-11,43.12,42.54,41.04,41.59,3914,377227
2019-11-12,43.27,42.65,42.37,43.27,2399,222230
2019-11-13,43.555,43.53,42.54,42.65,2354,192482
2019-11-14,43.61,43.39,43.34,43.4,1509,113364
2019-11-15,43.54,43.46,43.35,43.39,1017,86711
2019-11-18,43.54,43.51,43.2,43.2,1385,97968
2019-11-19,43.78,43.56,43.5,43.61,1170,85041
2019-11-20,43.67,43.205,42.845,43.58,1843,138418
2019-11-21,43.25,43.15,42.9,43.12,1654,117407
2019-11-22,43.29,43.03,42.87,43.29,1436,116553
2019-11-25,43.86,43.8,43.02,43.02,1778,134697
2019-11-26,44.47,44.4,43.9,43.92,2248,175871
2019-11-27,44.27,43.91,43.85,44.2,1103,83906
2019-11-29,43.97,43.58,43.545,43.95,690,52517
2019-12-02,43.68,43.24,42.885,43.68,1014,81685
2019-12-03,43.08,42.8,42.56,42.91,1691,113940
2019-12-04,43.15,42.75,42.59,43.07,1169,83331
2019-12-05,42.86,42.78,42.49,42.86,1263,87075
2019-12-06,42.96,42.66,42.655,42.96,1238,104124
2019-12-09,42.79,42.46,42.385,42.65,1598,119690
2019-12-10,42.66,42.5,42.27,42.4,1329,98145
2019-12-11,42.88,42.84,42.46,42.46,1524,121970
2019-12-12,43.11,43.05,42.68,42.89,1655,149820
2019-12-13,43.37,43.11,42.92,42.92,1584,121451
2019-12-16,43.91,43.8,43.36,43.36,1962,121548
2019-12-17,43.79,43.69,43.4,43.75,1837,130632
2019-12-18,44.185,43.85,43.64,43.88,1227,108654
2019-12-19,43.83,43.64,43.565,43.83,1245,78816
2019-12-20,44.67,44.59,43.5,43.88,2438,683361
2019-12-23,44.6,44.04,43.96,44.6,1415,110954
2019-12-24,44.22,43.69,43.62,44.22,467,39312
2019-12-26,44.06,44.06,43.69,43.88,1004,74002
2019-12-27,44.22,44.06,43.77,44.14,1061,84371
2019-12-30,44.07,43.82,43.53,44.07,1179,63944
2019-12-31,44.13,44.07,43.67,43.67,1313,85038
2020-01-02,44.42,44.42,43.98,44.1,1470,108821
2020-01-03,44.27,44.2,43.85,43.91,1082,68750
2020-01-06,44.52,44.5,43.84,43.85,1436,217430
2020-01-07,44.74,44.67,44.34,44.39,1553,146729
2020-01-08,45.3,44.99,44.64,44.7,2469,173078
2020-01-09,46.06,45.99,45.27,45.3,2125,172919
2020-01-10,46.31,45.795,45.74,46.19,2232,141631
2020-01-13,46.06,45.97,45.67,45.77,1275,111588
2020-01-14,45.92,45.625,45.42,45.92,943,67975
2020-01-15,46.59,46.45,45.69,45.79,1609,134797
2020-01-16,46.87,46.81,46.46,46.79,1799,134390
2020-01-17,47.05,46.94,46.74,46.81,1102,98166
2020-01-21,47.04,46.65,46.51,46.91,1509,111695
2020-01-22,47.02,46.76,46.6,47.02,2057,161452
2020-01-23,46.89,46.39,46.24,46.89,1692,134591
2020-01-24,46.78,46.4,46.07,46.76,1304,96987
2020-01-27,46.57,46.49,45.46,45.8,2477,167153
2020-01-28,47.18,47.07,46.4,46.62,2525,179796
2020-01-29,47.31,46.6,46.58,47.25,1846,113220
2020-01-30,46.59,46.4,45.88,46.41,2107,140735
2020-01-31,47.26,44.99,44.55,46.8,4382,364719
2020-02-03,46.72,45.58,44.98,44.99,3889,252805
2020-02-04,46.91,46.66,45.88,45.88,2322,152960
2020-02-05,47.02,46.4,46.11,47.02,1996,153918
2020-02-06,47.26,47.26,46.31,46.67,2175,187158
2020-02-07,47.18,46.5,46.4,47.18,1754,98957
2020-02-10,46.78,46.78,46.13,46.52,2198,167902
2020-02-11,47.11,46.92,46.63,46.99,2725,190465
2020-02-12,47.52,47.48,46.76,47.05,2197,125418
2020-02-13,47.54,47.18,47.12,47.37,1748,103666
2020-02-14,47.84,47.8,47.27,47.38,1808,194395
2020-02-18,47.84,47.52,47.37,47.47,1951,183320
2020-02-19,47.81,47.48,47.33,47.81,1062,79460
2020-02-20,47.45,47.29,46.56,47.45,1202,69217
2020-02-21,47.23,46.39,46.28,47.23,1630,114979
2020-02-24,45.78,44.95,44.63,44.88,2303,159504
2020-02-25,45.49,43.71,43.65,45.29,2566,174186
2020-02-26,44.51,43.69,43.57,43.87,3460,233238
2020-02-27,42.99,41.83,41.83,42.78,3283,227974
2020-02-28,41.92,41.92,40.2,40.59,3447,246565
2020-03-02,42.73,42.72,41.4,42.27,3159,195282
2020-03-03,43.44,42.01,41.9,42.88,4044,245462
2020-03-04,43.49,43.47,42.38,42.67,2670,146546
2020-03-05,43.34,42.86,42.48,42.6,3816,356107
2020-03-06,42.09,41.55,40.85,41.76,3257,278458
2020-03-09,39.95,37.65,37.49,39.32,3979,297964
2020-03-10,39.53,39.48,37.53,38.72,4165,289707
2020-03-11,38.86,37.66,37.06,38.62,4660,313756
2020-03-12,35.73,33.53,33.44,35.52,5195,393946
2020-03-13,36.82,36.82,33.84,35.0,4329,327712
2020-03-16,34.73,32.46,32.08,32.51,5013,356636
2020-03-17,34.24,33.65,31.27,32.79,6070,415524
2020-03-18,33.2,32.28,29.9,31.53,4563,314680
2020-03-19,32.69,32.16,31.01,31.98,2965,193973
2020-03-20,33.48,30.63,30.52,32.56,6630,847923
2020-03-23,31.14,29.22,29.13,30.63,4657,354519
2020-03-24,32.09,32.07,30.23,30.71,5235,375364
2020-03-25,34.47,32.54,31.95,32.27,5423,374110
2020-03-26,35.65,35.53,33.0,33.08,4017,287228
2020-03-27,34.69,32.86,32.65,34.69,3862,303412
2020-03-30,34.33,34.3,32.64,33.23,2499,143332
2020-03-31,35.44,34.92,33.76,33.77,3677,271432
2020-04-01,34.73,34.06,33.7,34.11,4316,273059
2020-04-02,34.62,34.51,33.64,33.86,2441,164890
2020-04-03,34.5,34.0,33.84,34.41,2847,182708
2020-04-06,36.84,36.64,35.08,35.31,2915,281088
2020-04-07,37.85,35.82,35.69,37.0,4873,344563
2020-04-08,36.59,36.43,35.28,35.87,3842,238812
2020-04-09,37.03,36.83,35.99,36.91,4707,303342
2020-04-13,36.66,35.99,35.66,36.66,3132,157883
2020-04-14,37.63,37.49,36.41,37.08,2791,203831
2020-04-15,37.14,36.77,36.52,36.81,1694,104406
2020-04-16,38.03,37.89,36.67,36.88,3489,267513
2020-04-17,39.19,39.13,38.41,38.71,2613,203162
2020-04-20,38.94,38.58,37.89,38.36,2513,177188
2020-04-21,38.12,36.28,36.28,38.04,3373,229860
2020-04-22,37.25,36.98,36.67,37.25,2387,159248
2020-04-23,37.51,36.9,36.81,37.27,2703,170922
2020-04-24,37.33,36.92,36.58,37.33,2373,165451
2020-04-27,37.51,37.07,36.63,37.51,4095,335425
2020-04-28,37.92,36.48,36.305,37.76,4395,321406
2020-04-29,38.31,37.98,37.07,37.07,3256,419782
2020-04-30,38.46,37.95,37.55,38.42,3674,240700
2020-05-01,39.53,37.84,37.0,39.53,6274,464532
2020-05-04,38.405,38.16,37.39,37.39,4162,295069
2020-05-05,39.14,38.66,38.04,38.45,3398,252409
2020-05-06,39.16,38.67,38.61,38.98,2533,183906
2020-05-07,39.5,39.09,39.01,39.13,2295,163282
2020-05-08,39.84,39.555,39.25,39.58,1961,128580
2020-05-11,40.0,39.8,39.16,39.24,2213,153956
2020-05-12,40.0,38.97,38.97,40.0,1921,134236
2020-05-13,39.3,38.11,37.93,39.11,2450,200702
2020-05-14,38.0,37.99,37.16,37.63,2135,164279
2020-05-15,38.27,38.23,37.53,37.77,2459,197079
2020-05-18,40.33,40.04,38.68,38.68,2792,234615
2020-05-19,40.54,39.73,39.72,40.04,2318,156286
2020-05-20,40.22,39.53,39.35,40.19,1396,111257
2020-05-21,39.53,39.11,38.78,39.41,835,63476
2020-05-22,39.69,39.66,38.86,39.16,1283,91678
2020-05-26,41.46,40.59,40.41,41.46,2115,163254
2020-05-27,41.0,40.71,39.83,40.95,2181,145361
2020-05-28,41.165,40.89,40.37,40.64,2444,154986
2020-05-29,41.63,41.54,40.85,41.0,2662,195264
2020-06-01,42.22,42.09,41.45,41.59,1775,145240
2020-06-02,43.01,42.93,42.13,42.3,3322,283400
2020-06-03,43.7,43.57,42.86,43.11,2169,145775
2020-06-04,43.48,42.58,42.41,43.45,2014,148496
2020-06-05,43.64,43.14,42.81,42.97,2441,185780
2020-06-08,43.63,43.48,43.01,43.31,4557,301387
2020-06-09,43.41,43.2,42.93,43.12,3088,242719
2020-06-10,44.05,43.69,43.28,43.55,2049,122421
2020-06-11,42.93,41.19,41.19,42.85,2675,184856
2020-06-12,42.4,41.88,41.15,41.97,1723,115086
2020-06-15,42.14,41.84,40.97,41.23,2080,142979
2020-06-16,43.37,42.71,42.25,42.94,2187,144211
2020-06-17,43.1,42.54,42.43,42.86,1556,102859
2020-06-18,42.8,42.66,42.37,42.55,2199,135913
2020-06-19,43.0,42.72,42.075,43.0,5139,1164780
2020-06-22,43.78,43.65,42.43,42.59,2234,168084
2020-06-23,44.04,43.14,43.09,43.86,2333,169311
2020-06-24,43.16,42.39,42.09,42.99,2462,153987
2020-06-25,43.37,43.24,41.98,42.52,2854,310865
2020-06-26,43.27,42.5,42.48,43.24,3268,254551
2020-06-29,43.0,42.5,42.17,42.71,2562,212414
2020-06-30,42.72,42.48,42.2,42.25,3957,324095
2020-07-01,42.86,42.66,42.25,42.59,1630,146969
2020-07-02,43.17,42.97,42.76,43.11,2180,145133
2020-07-06,43.82,43.45,43.22,43.32,2695,194542
2020-07-07,43.6,42.84,42.79,43.28,2362,175558
2020-07-08,43.29,43.27,42.66,42.9,1861,140479
2020-07-09,43.58,43.13,42.61,43.49,3098,229915
2020-07-10,43.25,42.77,42.5,43.25,2098,160563
2020-07-13,43.0,42.02,41.9,43.0,2540,169942
2020-07-14,42.33,42.28,41.39,41.8,2245,165531
2020-07-15,43.27,42.97,42.34,42.5,1985,147257
2020-07-16,42.75,42.56,42.12,42.72,1595,116245
2020-07-17,43.14,43.09,42.55,42.69,3037,154646
2020-07-20,44.36,44.34,43.29,43.36,2997,244394
2020-07-21,45.24,44.72,44.4,45.23,3758,319750
2020-07-22,45.07,44.99,44.61,44.74,3145,240531
2020-07-23,45.59,45.04,44.91,45.0,2901,208054
2020-07-24,44.88,44.51,44.35,44.75,2059,148774
2020-07-27,44.88,44.82,44.16,44.59,2202,150658
2020-07-28,44.71,44.18,44.18,44.71,1723,97606
2020-07-29,45.22,44.95,44.37,44.56,3209,280758
2020-07-30,45.02,44.88,43.83,44.5,2499,197101
2020-07-31,45.03,45.03,44.2,45.0,3365,290592
2020-08-03,45.64,45.34,45.2,45.2,1194,110567
2020-08-04,45.96,45.295,45.07,45.15,3429,315161
2020-08-05,45.96,45.95,45.44,45.47,3072,271277
2020-08-06,46.39,46.25,45.76,46.12,2586,199216
2020-08-07,47.52,45.81,45.37,47.52,3665,263659
2020-08-10,45.43,44.71,44.09,45.24,3310,217863
2020-08-11,44.68,43.87,43.6,44.67,4781,343417
2020-08-12,44.38,43.55,43.46,43.96,3328,229544
2020-08-13,44.27,43.85,43.48,43.55,2950,238179
2020-08-14,43.92,43.61,43.49,43.71,1660,112466
2020-08-17,44.09,43.59,43.39,43.75,2747,195517
2020-08-18,43.87,43.75,43.48,43.64,2545,171948
2020-08-19,44.25,43.9,43.76,43.81,2635,194158
2020-08-20,44.7,44.65,43.77,43.81,3594,257193
2020-08-21,44.7,44.4,44.14,44.7,2030,133245
2020-08-24,44.83,44.24,43.88,44.66,2030,144918
2020-08-25,44.59,44.34,44.15,44.26,1604,105266
2020-08-26,45.27,45.27,44.24,44.69,1809,129128
2020-08-27,45.88,45.85,44.99,45.49,3467,279803
2020-08-28,46.25,46.18,45.82,46.16,2379,182551
2020-08-31,46.17,45.38,45.21,46.05,2223,178971
2020-09-01,45.98,45.97,45.33,45.49,2008,169062
2020-09-02,47.06,46.99,45.83,46.14,3824,279936
2020-09-03,46.48,44.6,44.28,46.48,5616,425072
2020-09-04,44.62,43.57,42.83,44.49,4180,279983
2020-09-08,43.17,42.43,42.33,42.65,2508,165713
2020-09-09,43.5,43.25,42.7,42.95,2555,170065
2020-09-10,43.62,42.4,42.29,43.56,3726,228013
2020-09-11,42.83,42.2,41.81,42.73,2206,139396
2020-09-14,42.93,42.45,42.27,42.66,2457,131156
2020-09-15,42.91,42.71,42.59,42.68,1742,108305
2020-09-16,43.03,42.14,42.11,42.81,2235,147042
2020-09-17,42.11,42.07,41.46,41.46,2317,184817
2020-09-18,42.44,41.93,41.54,42.12,3386,415556
2020-09-21,41.61,41.54,40.76,41.41,4488,366078
2020-09-22,42.31,42.22,41.33,41.84,2161,150423
2020-09-23,42.34,41.345,41.18,42.34,3359,378584
2020-09-24,41.43,41.3,40.59,41.23,3107,289319
2020-09-25,41.97,41.91,41.13,41.19,1908,137165
2020-09-28,42.75,42.4,42.27,42.42,2160,169493
2020-09-29,42.71,42.2,42.14,42.46,2016,166051
2020-09-30,42.66,42.24,42.09,42.36,3052,263831
2020-10-01,42.91,42.72,42.43,42.63,1277,93659
2020-10-02,42.46,41.98,41.64,42.06,1621,109289
2020-10-05,42.49,42.36,42.13,42.24,1049,71397
2020-10-06,42.36,41.49,41.34,42.36,1830,129840
2020-10-07,42.035,41.78,41.65,41.66,1043,68379
2020-10-08,42.07,41.82,41.57,41.99,1390,93694
2020-10-09,42.4,42.31,42.1,42.1,1111,83268
2020-10-12,42.9,42.76,42.36,42.5,780,79112
2020-10-13,42.84,42.11,42.1,42.84,1267,76943
2020-10-14,42.27,41.54,41.4,42.16,1702,114678
2020-10-15,41.63,41.57,40.7,40.96,2159,142807
2020-10-16,42.13,41.84,41.54,41.67,2767,210061
2020-10-19,42.33,41.74,41.62,42.22,2478,203320
2020-10-20,41.99,41.29,41.15,41.99,1097,77569
2020-10-21,41.34,41.02,40.81,41.32,3917,263724
2020-10-22,41.25,40.68,40.41,41.14,3226,204771
2020-10-23,40.855,40.73,40.55,40.72,2783,223457
2020-10-26,40.4,39.62,38.95,40.4,2514,212561
2020-10-27,40.16,39.62,39.42,39.81,4489,355428
2020-10-28,39.08,38.04,37.98,38.77,4469,1596946
2020-10-29,38.27,37.69,37.62,37.97,3516,300469
2020-10-30,37.61,36.73,36.53,37.48,3745,395009
2020-11-02,37.43,36.4,36.19,37.1,4735,401647
2020-11-03,37.81,37.61,36.95,36.96,3789,335173
2020-11-04,39.26,38.66,38.08,38.3,3101,250033
2020-11-05,39.89,39.2,39.0,39.72,3002,232029
2020-11-06,43.0,41.44,40.41,42.27,5530,425161
2020-11-09,42.56,40.64,40.27,42.33,6413,542787
2020-11-10,41.32,40.9,40.15,40.36,2799,246171
2020-11-11,42.27,41.95,41.07,41.07,2398,197192
2020-11-12,41.86,41.38,41.1,41.82,1877,133222
2020-11-13,42.28,42.27,41.4,41.4,1831,132792
2020-11-16,42.61,42.13,41.85,42.5,1888,170391
2020-11-17,42.36,42.18,41.73,41.73,1774,144000
2020-11-18,42.56,42.3,42.08,42.29,1727,142551
2020-11-19,42.66,42.66,41.96,42.21,1874,157067
2020-11-20,43.22,43.05,42.45,42.54,3062,276790
2020-11-23,43.55,43.5,42.76,43.02,2022,180246
2020-11-24,44.01,43.92,43.18,43.83,2180,174282
2020-11-25,44.3,43.88,43.74,44.11,1442,200941
2020-11-27,44.72,44.6,44.13,44.29,798,83735
2020-11-30,44.72,44.17,44.14,44.59,2227,161489
2020-12-01,44.79,44.39,44.2,44.34,1395,146069
2020-12-02,44.79,44.78,44.08,44.23,1583,120767
2020-12-03,45.36,45.15,44.55,44.67,1872,125868
2020-12-04,45.88,45.805,45.29,45.31,1614,135935
2020-12-07,46.12,46.02,45.71,45.71,1913,142331
2020-12-08,46.07,46.02,45.72,45.93,978,75804
2020-12-09,46.17,45.88,45.62,46.1,1667,120648
2020-12-10,45.97,45.89,45.17,45.72,1146,111791
2020-12-11,45.64,45.6,45.19,45.58,960,68639
2020-12-14,46.495,45.98,45.8,45.86,1463,132003
2020-12-15,46.29,45.69,45.62,46.29,916,66482
2020-12-16,45.97,45.37,45.2,45.78,1509,112784
2020-12-17,45.97,45.76,45.37,45.61,1594,98943
2020-12-18,45.81,45.19,44.9,45.81,2378,566233
2020-12-21,45.02,44.88,43.75,44.75,1652,122841
2020-12-22,45.57,45.42,44.67,45.12,1504,101624
2020-12-23,45.54,45.13,44.94,45.4,1427,197134
2020-12-24,45.76,45.73,45.24,45.39,749,53152
2020-12-28,46.04,45.68,45.56,45.98,825,78076
2020-12-29,46.07,45.49,45.15,45.94,1527,118945
2020-12-30,45.83,45.49,45.44,45.48,1902,153415
2020-12-31,45.62,45.46,45.33,45.48,1454,96748
2021-01-04,45.85,45.44,44.94,45.64,2224,185972
2021-01-05,45.81,45.7,45.35,45.36,1166,99323
2021-01-06,45.51,44.89,44.83,45.34,1906,234143
2021-01-07,45.12,44.73,44.5,45.12,1422,120274
2021-01-08,45.18,44.84,44.62,44.8,1633,128234
2021-01-11,44.69,44.26,44.08,44.57,1117,88736
2021-01-12,44.55,44.52,43.71,44.16,1397,118069
2021-01-13,45.43,45.21,44.3,44.57,1740,200379
2021-01-14,46.89,46.4,45.09,45.21,2309,205270
2021-01-15,46.56,46.2,45.78,46.41,1615,145137
2021-01-19,46.78,46.66,46.21,46.28,1361,138151
2021-01-20,47.56,47.52,46.91,46.91,1303,120262
2021-01-21,47.57,47.0,46.87,47.53,1537,121040
2021-01-22,47.0,46.83,46.63,46.86,750,50658
2021-01-25,47.0,46.58,46.02,46.67,966,86879
2021-01-26,46.76,46.71,46.19,46.73,1353,83073
2021-01-27,46.65,46.19,45.68,46.25,3534,636305
2021-01-28,46.5,46.34,45.67,46.14,2500,213418
2021-01-29,46.41,44.79,44.66,46.41,2014,150592
2021-02-01,45.99,45.88,45.04,45.11,1188,94735
2021-02-02,46.8,46.73,46.05,46.25,2118,186779
2021-02-03,47.16,47.06,46.21,46.77,1387,114647
2021-02-04,47.67,47.58,46.53,47.21,2154,237556
2021-02-05,49.83,48.74,48.34,49.46,2713,350836
2021-02-08,49.99,49.26,48.94,49.02,1759,183249
2021-02-09,49.65,49.19,49.04,49.26,2179,305717
2021-02-10,49.46,48.95,48.69,49.4,2633,222174
2021-02-11,49.04,48.26,48.17,49.03,3323,290207
2021-02-12,48.04,47.94,47.02,48.04,1782,159796
2021-02-16,48.03,47.24,47.09,47.93,2566,190224
2021-02-17,47.07,46.91,46.43,47.05,2077,142191
2021-02-18,47.15,46.83,46.15,46.94,1776,150794
2021-02-19,46.88,46.64,46.09,46.84,1398,112575
2021-02-22,46.28,45.6,45.51,46.28,2100,172737
2021-02-23,45.42,45.1,44.44,45.42,2293,186207
2021-02-24,45.75,45.66,44.55,45.0,1635,167103
2021-02-25,45.94,45.11,45.01,45.66,2337,184094
2021-02-26,45.3,44.57,44.56,45.3,1663,125057
2021-03-01,45.82,45.78,45.22,45.24,1601,134742
2021-03-02,46.25,46.01,45.22,45.9,1892,139055
2021-03-03,46.0,45.37,45.03,46.0,2443,161118
2021-03-04,45.66,44.51,44.22,45.44,3125,256287
2021-03-05,45.57,45.33,44.05,44.86,2238,148190
2021-03-08,45.85,45.03,45.03,45.13,1624,113765
2021-03-09,46.86,46.47,45.6,45.6,3096,233467
2021-03-10,47.16,46.57,46.44,46.97,2647,185133
2021-03-11,48.22,47.9,47.1,47.1,2971,243216
2021-03-12,47.79,47.61,47.17,47.66,2146,141150
2021-03-15,48.78,48.74,47.44,47.69,2653,207220
2021-03-16,49.52,49.49,48.77,48.93,2789,252955
2021-03-17,49.32,48.87,48.31,49.32,2329,161085
2021-03-18,49.04,48.36,48.2,48.45,1842,121079
2021-03-19,49.58,49.34,48.13,48.6,2532,278196
2021-03-22,49.77,49.29,49.18,49.41,2039,139150
2021-03-23,49.57,48.51,48.37,49.2,3184,258305
2021-03-24,48.96,47.63,47.61,48.8,2148,131285
2021-03-25,47.77,47.66,47.16,47.54,2023,107817
2021-03-26,48.0,48.0,47.3,47.91,2861,192008
2021-03-29,48.1,47.72,47.33,48.03,1805,117982
2021-03-30,47.7,47.39,47.02,47.7,1564,114124
2021-03-31,48.1,47.71,47.66,47.86,1612,113458
2021-04-01,48.4,48.3,47.94,47.94,1136,75350
2021-04-05,48.89,48.85,48.5,48.54,1151,67535
2021-04-06,49.2,48.96,48.29,48.85,1062,67118
2021-04-07,49.28,48.83,48.77,49.09,1301,89863
2021-04-08,49.73,49.29,49.16,49.26,1747,134352
2021-04-09,49.39,49.36,48.91,49.0,1187,88802
2021-04-12,49.71,49.56,49.14,49.14,1690,104690
2021-04-13,49.9,49.5,49.4,49.59,1128,92756
2021-04-14,50.21,49.48,49.35,49.35,1647,117175
2021-04-15,49.99,49.92,49.55,49.79,1030,72450
2021-04-16,50.03,49.83,49.48,49.92,1002,72356
2021-04-19,49.86,49.29,49.06,49.66,1359,104119
2021-04-20,49.36,48.65,48.49,49.24,1766,132919
2021-04-21,49.0,48.85,48.53,48.99,1646,127585
2021-04-22,49.09,48.8,48.35,48.97,2082,165889
2021-04-23,49.12,47.65,47.63,49.0,2248,165094
2021-04-26,47.87,47.71,47.27,47.82,2787,332605
2021-04-27,48.21,48.09,47.29,47.99,2397,213595
2021-04-28,48.06,47.71,47.48,48.05,3204,327975
2021-04-29,48.17,47.78,47.46,48.0,3568,275808
2021-04-30,47.53,47.1,46.785,47.35,2410,185162
2021-05-03,47.81,47.45,47.11,47.36,2437,175728
2021-05-04,47.39,47.33,46.98,47.31,2822,161395
2021-05-05,47.52,46.66,46.66,47.44,2361,191260
2021-05-06,46.77,46.52,45.95,46.77,2949,268110
2021-05-07,47.975,47.94,46.47,46.84,3005,226831
2021-05-10,48.59,46.95,46.92,48.07,4049,361517
2021-05-11,46.665,46.08,45.91,46.26,4208,370635
2021-05-12,46.14,45.6,45.45,45.59,2514,211735
2021-05-13,46.06,45.26,45.2,45.84,2456,207638
2021-05-14,46.23,46.18,45.39,45.69,1282,106152
2021-05-17,45.99,45.88,45.63,45.98,1872,128374
2021-05-18,46.53,46.1,45.72,45.86,2223,144039
2021-05-19,45.76,45.73,45.16,45.47,2000,144588
2021-05-20,46.42,46.29,45.92,45.92,1783,107604
2021-05-21,46.6,45.77,45.65,46.6,1630,116395
2021-05-24,46.22,45.91,45.78,46.11,1266,102545
2021-05-25,46.33,46.16,45.83,46.15,2389,129477
2021-05-26,46.75,46.53,46.11,46.24,2516,290268
2021-05-27,47.06,46.79,46.37,46.48,2589,175180
2021-05-28,47.7,46.98,46.93,47.02,2637,174881
2021-06-01,47.92,47.53,47.12,47.12,2523,208809
2021-06-02,47.93,47.74,47.36,47.45,2093,152903
2021-06-03,47.92,47.64,47.13,47.23,3042,253924
2021-06-04,48.8,48.59,47.85,47.94,1968,153917
2021-06-07,48.91,48.82,48.47,48.55,1831,138081
2021-06-08,49.28,48.73,48.47,48.8,2344,147085
2021-06-09,49.52,49.18,48.69,48.98,1489,109523
2021-06-10,49.78,49.59,49.0,49.19,1734,120434
2021-06-11,49.75,49.73,49.44,49.62,1188,51858
2021-06-14,49.94,49.92,49.47,49.54,1793,94199
2021-06-15,50.32,50.16,49.8,49.8,2226,127661
2021-06-16,50.69,49.73,49.64,50.41,2165,131800
2021-06-17,50.58,50.27,49.49,49.49,2082,150079
2021-06-18,50.16,49.72,49.22,50.16,3516,472953
2021-06-21,50.27,50.01,49.49,49.72,1606,98457
2021-06-22,50.56,50.5,49.78,50.01,2196,177180
2021-06-23,50.65,50.4,50.34,50.51,2207,481389
2021-06-24,50.89,50.67,50.44,50.81,1847,132901
2021-06-25,51.13,51.08,50.57,50.73,1852,178307
2021-06-28,51.83,51.78,51.22,51.28,1770,133481
2021-06-29,51.82,51.77,51.45,51.6,1594,111822
2021-06-30,51.45,50.8,50.34,51.28,2907,202120
2021-07-01,51.48,51.44,50.72,50.75,1375,99166
2021-07-02,52.02,51.95,51.41,51.72,1172,80608
2021-07-06,52.04,51.23,50.82,51.86,1588,105700
2021-07-07,51.92,51.79,51.39,51.51,1859,117118
2021-07-08,51.27,51.03,50.76,51.15,2050,128959
2021-07-09,51.56,51.52,50.88,51.03,1301,77722
2021-07-12,51.59,50.99,50.91,51.59,1457,83169
2021-07-13,51.1,50.6,50.42,50.91,1984,128929
2021-07-14,51.01,50.71,50.51,50.81,1749,90362
2021-07-15,50.85,50.48,50.29,50.54,1876,118264
2021-07-16,50.68,50.17,50.1,50.67,1118,83117
2021-07-19,49.78,49.3,49.02,49.67,2588,156577
2021-07-20,50.57,50.42,49.29,49.48,1478,114861
2021-07-21,50.82,50.75,50.36,50.43,1232,107110
2021-07-22,51.02,50.93,50.81,50.93,1278,102694
2021-07-23,51.37,51.35,50.93,51.09,824,63279
2021-07-26,51.31,50.98,50.77,51.31,1546,122277
2021-07-27,51.63,51.59,50.83,50.98,1988,143033
2021-07-28,51.9,51.78,51.39,51.59,1722,157388
2021-07-29,52.21,51.9,51.84,51.85,931,69015
2021-07-30,52.04,51.91,51.68,51.73,1555,117444
2021-08-02,52.13,51.88,51.85,52.03,646,45892
2021-08-03,52.3,51.86,51.575,52.07,1759,105423
2021-08-04,52.04,51.6,51.55,51.83,1738,116209
2021-08-05,52.19,52.17,51.58,51.68,1586,103051
2021-08-06,53.41,52.62,51.98,52.5,2573,205900
2021-08-09,52.62,52.36,52.16,52.32,1896,167874
2021-08-10,52.68,52.5,52.03,52.6,1806,137209
2021-08-11,52.69,52.61,52.22,52.6,1079,68851
2021-08-12,53.2,53.16,52.44,52.46,1551,97480
2021-08-13,53.56,53.56,53.1,53.3,938,63250
2021-08-16,53.55,53.41,53.1,53.55,1096,67180
2021-08-17,53.16,52.97,52.78,53.07,1517,218717
2021-08-18,53.15,52.88,52.795,52.94,2028,136705
2021-08-19,52.82,52.56,52.06,52.5,1120,91926
2021-08-20,53.35,53.27,52.28,52.6,976,83530
2021-08-23,53.73,53.68,53.22,53.5,1511,116092
2021-08-24,54.02,53.97,53.45,53.62,1003,67412
2021-08-25,54.53,54.41,53.9,54.0,1407,157273
2021-08-26,54.4,53.96,53.94,54.4,1155,80441
2021-08-27,54.49,54.48,53.94,53.94,969,66823
2021-08-30,54.9,54.64,54.53,54.69,749,46919
2021-08-31,55.22,54.83,54.66,54.66,2022,157695
2021-09-01,55.09,54.98,54.61,54.99,1727,104627
2021-09-02,54.94,54.94,54.64,54.75,907,67472
2021-09-03,55.0,54.84,54.72,54.87,804,49100
2021-09-07,54.71,54.32,54.3,54.71,825,53943
2021-09-08,54.74,54.37,54.15,54.35,1288,88948
2021-09-09,54.47,53.69,53.67,54.18,1416,79931
2021-09-10,53.94,53.19,53.17,53.87,1206,85929
2021-09-13,53.35,52.44,52.26,53.29,1709,111023
2021-09-14,52.92,52.62,52.45,52.45,1885,110117
2021-09-15,52.9,52.81,52.15,52.73,1498,84569
2021-09-16,52.82,52.46,52.08,52.53,1447,97892
2021-09-17,52.51,51.17,51.03,52.51,2158,471945
2021-09-20,50.82,50.38,49.81,50.5,2096,125872
2021-09-21,50.91,50.29,50.27,50.72,1385,84886
2021-09-22,51.46,51.27,50.07,50.36,1656,110323
2021-09-23,52.015,51.58,51.42,51.42,998,69385
2021-09-24,51.77,51.7,51.21,51.46,1200,81668
2021-09-27,51.59,51.47,50.78,51.51,1116,66640
2021-09-28,50.99,49.71,49.6,50.99,2652,178733
2021-09-29,49.99,49.03,48.79,49.99,2111,145337
2021-09-30,49.71,48.74,48.51,48.51,1589,123847
2021-10-01,49.17,49.08,48.25,49.13,1740,113693
2021-10-04,48.92,48.49,47.78,48.8,1761,126442
2021-10-05,48.875,48.6,48.33,48.73,1312,91517
2021-10-06,48.59,48.44,48.02,48.23,1169,75486
2021-10-07,49.46,49.25,48.75,48.75,1926,124911
2021-10-08,49.69,49.16,49.16,49.4,1322,82550
2021-10-11,49.22,48.75,48.585,49.07,767,44315
2021-10-12,49.05,48.66,48.54,48.95,1113,58711
2021-10-13,49.43,49.41,48.85,48.91,1686,102173
2021-10-14,50.42,50.19,49.88,49.88,1482,83152
2021-10-15,50.47,50.04,49.91,50.47,1428,73620
2021-10-18,50.15,50.13,49.62,49.95,1171,82718
2021-10-19,50.48,50.23,50.11,50.4,1057,58170
2021-10-20,50.54,50.41,50.13,50.39,1236,68391
2021-10-21,50.66,50.47,50.195,50.4,1476,88770
2021-10-22,50.94,50.31,50.15,50.55,1481,111402
2021-10-25,50.57,50.45,50.05,50.48,1564,87049
2021-10-26,50.83,50.05,50.03,50.83,1290,69036
2021-10-27,50.25,49.72,49.7,50.22,1731,144307
2021-10-28,50.37,50.34,49.8,49.92,1962,109930
2021-10-29,50.47,50.35,49.9,50.23,1539,85378
2021-11-01,50.67,50.37,50.06,50.31,1261,68160
2021-11-02,50.73,50.48,50.12,50.46,1258,70704
2021-11-03,50.81,50.7,50.08,50.55,1146,67204
2021-11-04,50.9,50.85,50.17,50.78,1350,85221
2021-11-05,52.22,51.61,50.72,51.0,1869,110465
2021-11-08,52.5,51.95,51.6,51.8,2935,195190
2021-11-09,52.34,52.22,51.62,52.06,2455,131350
2021-11-10,52.38,50.91,50.88,51.97,2513,152946
2021-11-11,51.5,51.27,50.79,51.12,2104,121366
2021-11-12,51.65,51.42,51.0,51.32,1741,107225
2021-11-15,51.82,51.18,51.11,51.47,2624,152188
2021-11-16,52.15,52.05,51.16,51.16,2191,165375
2021-11-17,52.7,52.24,51.97,51.97,2243,173146
2021-11-18,52.35,52.07,51.92,52.22,3248,246487
2021-11-19,52.64,52.13,52.01,52.07,2084,131969
2021-11-22,52.17,50.54,50.54,52.11,2782,177911
2021-11-23,50.48,49.87,49.47,50.41,4288,271025
2021-11-24,50.14,49.91,49.42,49.61,3351,195648
2021-11-26,49.6,48.22,48.16,49.37,3538,141181
2021-11-29,48.87,48.67,48.31,48.7,3907,180566
2021-11-30,48.67,47.41,47.29,48.25,5195,378804
2021-12-01,48.15,46.48,46.48,47.65,5757,285742
2021-12-02,47.38,47.15,46.28,46.44,3492,158748
2021-12-03,47.51,46.39,45.81,47.39,3218,204203
2021-12-06,47.62,47.53,46.32,46.6,2540,150484
2021-12-07,48.79,48.1,47.99,48.13,1779,129188
2021-12-08,48.46,48.39,47.92,48.01,1743,100096
2021-12-09,48.52,47.58,47.56,48.32,1722,96164
2021-12-10,48.07,47.72,47.4,47.85,1583,93812
2021-12-13,47.79,46.85,46.77,47.69,2623,183283
2021-12-14,46.69,46.43,45.75,46.69,2701,138377
2021-12-15,47.11,47.09,45.92,46.4,2390,130248
2021-12-16,47.39,46.37,46.21,47.37,2271,142926
2021-12-17,46.73,46.2,46.0,46.18,2678,357392
2021-12-20,45.85,45.63,45.18,45.62,1743,96541
2021-12-21,46.69,46.68,45.88,45.93,1722,88348
2021-12-22,47.04,47.02,46.49,46.49,1271,81309
2021-12-23,47.44,47.37,47.05,47.4,1026,58896
2021-12-27,48.01,47.99,47.28,47.5,1044,52355
2021-12-28,48.32,48.12,48.01,48.06,1484,87821
2021-12-29,48.285,47.62,47.42,48.02,1788,192057
2021-12-30,48.15,47.77,47.69,47.76,1620,83055
2021-12-31,47.96,47.48,47.44,47.78,1413,71657
2022-01-03,47.48,47.34,46.86,47.48,1204,63066
2022-01-04,47.46,46.87,46.39,47.3,2111,101063
2022-01-05,46.68,45.47,45.44,46.52,3083,183473
2022-01-06,45.79,45.48,45.04,45.28,1827,123695
2022-01-07,46.35,46.15,45.38,45.38,2587,182752
2022-01-10,46.09,46.09,45.33,45.6,3547,252023
2022-01-11,46.56,46.53,45.79,46.01,2928,172374
2022-01-12,47.11,46.58,46.11,46.51,2484,181706
2022-01-13,47.64,47.22,46.86,46.86,2355,172394
2022-01-14,47.48,47.44,46.81,46.92,2406,155135
2022-01-18,48.0,47.15,47.04,47.44,1847,160560
2022-01-19,47.48,46.46,46.37,47.2,1967,125539
2022-01-20,47.66,46.68,46.66,46.83,3294,204447
2022-01-21,46.99,46.33,46.28,46.54,3138,213400
2022-01-24,46.785,46.74,44.53,45.71,4031,254909
2022-01-25,46.67,45.68,45.3,46.34,3614,244610
2022-01-26,46.72,45.62,45.41,46.4,3757,279098
2022-01-27,46.31,45.34,45.32,46.21,2632,169721
2022-01-28,46.88,46.88,45.06,45.39,2349,159659
2022-01-31,47.91,47.86,46.73,46.9,2654,200650
2022-02-01,48.17,47.93,47.54,48.0,1876,119969
2022-02-02,48.43,47.8,47.56,47.8,1891,133446
2022-02-03,47.83,46.51,46.47,47.13,3439,233991
2022-02-04,45.62,44.45,44.085,45.42,5960,382875
2022-02-07,44.58,43.75,43.65,44.46,5270,316001
2022-02-08,44.7,44.56,43.41,43.54,4282,299717
2022-02-09,46.175,46.02,44.88,44.88,3793,276453
2022-02-10,46.19,45.13,45.02,45.38,3249,202547
2022-02-11,45.47,44.23,44.05,45.08,2115,103150
2022-02-14,44.45,44.2,43.795,44.27,2561,182985
2022-02-15,44.73,44.44,44.05,44.51,2503,122365
2022-02-16,44.41,44.2,43.74,44.13,1507,103180
2022-02-17,43.86,43.23,43.23,43.86,2698,117683
2022-02-18,43.59,42.75,42.73,43.17,2848,183808
2022-02-22,42.98,42.5,42.25,42.67,3649,198549
2022-02-23,43.48,42.22,42.18,43.02,2280,147009
2022-02-24,43.09,42.98,41.01,41.01,3507,337080
2022-02-25,43.72,43.63,42.415,43.1,2934,189443
2022-02-28,43.8,43.5,43.15,43.15,3058,377319
2022-03-01,43.63,42.78,42.57,43.48,2873,179265
2022-03-02,43.63,43.45,42.67,42.78,2651,140141
2022-03-03,43.5,43.19,42.51,43.5,2831,140250
2022-03-04,43.02,42.34,42.05,42.87,1975,101039
2022-03-07,42.72,41.86,41.86,42.33,3057,194967
2022-03-08,42.22,41.48,41.15,41.7,2878,145794
2022-03-09,43.36,43.1,42.34,42.34,2136,125196
2022-03-10,42.82,42.75,42.09,42.6,1965,197828
2022-03-11,43.13,41.84,41.81,42.91,2508,131607
2022-03-14,42.07,41.03,40.93,41.93,2209,100492
2022-03-15,41.39,40.91,40.59,41.08,3565,251996
2022-03-16,42.37,42.35,41.12,41.24,2626,137408
2022-03-17,42.87,42.87,42.01,42.24,1942,102356
2022-03-18,43.47,43.41,42.54,42.72,2376,366381
2022-03-21,43.54,43.21,42.97,43.28,1524,72470
2022-03-22,43.9,43.61,43.02,43.39,1604,87078
2022-03-23,43.64,42.68,42.64,43.34,1805,76295
2022-03-24,42.91,42.58,42.14,42.91,2025,142972
2022-03-25,42.83,42.83,42.33,42.55,1605,72305
2022-03-28,43.0,42.82,42.36,42.76,1652,57782
2022-03-29,44.1,43.68,43.35,43.42,2048,79317
2022-03-30,43.53,42.89,42.72,43.53,2004,94283
2022-03-31,42.99,42.4,42.35,42.91,2969,173711
2022-04-01,42.66,42.61,42.21,42.56,1472,79252
2022-04-04,43.4,43.24,42.63,42.63,1490,66164
2022-04-05,43.61,43.04,42.97,43.18,1701,72188
2022-04-06,42.66,42.26,41.92,42.56,2054,87052
2022-04-07,42.73,42.62,41.99,42.18,2204,129145
2022-04-08,42.67,42.52,42.22,42.53,2344,154836
2022-04-11,42.24,41.93,41.73,42.17,1376,163455
2022-04-12,42.59,42.25,42.13,42.16,2101,136066
2022-04-13,43.1,42.82,42.13,42.13,1437,84911
2022-04-14,43.0,41.6,41.58,42.91,1655,84153
2022-04-18,41.63,41.24,40.98,41.4,1388,79449
2022-04-19,42.14,42.09,41.09,41.27,1051,49333
2022-04-20,43.03,42.51,42.29,42.39,2221,117425
2022-04-21,42.97,42.1,42.07,42.87,1617,98009
2022-04-22,42.04,40.88,40.85,42.02,1474,91336
2022-04-25,41.81,41.68,40.67,40.73,2454,186325
2022-04-26,41.4,39.26,39.23,41.4,2989,177705
2022-04-27,39.85,39.28,38.98,39.19,2448,195332
2022-04-28,40.92,40.78,39.69,39.78,1913,107231
2022-04-29,40.95,40.05,39.98,40.58,2279,173403
2022-05-02,40.38,40.12,39.64,39.95,1688,136734
2022-05-03,40.67,40.04,39.96,40.03,2204,150427
2022-05-04,41.13,40.93,39.57,40.24,2099,167122
2022-05-05,40.94,38.76,38.02,40.94,4102,307414
2022-05-06,38.6,38.32,37.38,38.33,3067,197588
2022-05-09,37.97,36.88,36.8,37.67,2927,186843
2022-05-10,37.57,37.05,36.24,37.27,4695,360610
2022-05-11,37.2,35.95,35.78,36.81,2595,193867
2022-05-12,36.14,35.5,35.05,35.39,3378,252315
2022-05-13,37.05,36.98,35.97,36.08,2621,119669
2022-05-16,37.32,37.04,36.56,37.08,2517,166490
2022-05-17,38.0,38.0,37.27,37.7,1754,89006
2022-05-18,37.93,37.67,37.46,37.5,2329,166565
2022-05-19,38.76,38.26,37.62,37.62,2382,169908
2022-05-20,39.55,39.48,38.65,38.81,4831,464747
2022-05-23,39.54,39.16,38.47,39.54,1627,111960
2022-05-24,39.25,38.2,37.86,38.86,2315,157295
2022-05-25,38.66,38.38,38.01,38.09,1670,207935
2022-05-26,39.07,38.94,38.34,38.35,1665,247423
2022-05-27,39.78,39.64,39.195,39.31,1298,88063
2022-05-31,41.31,41.01,39.65,39.89,2728,229967
2022-06-01,41.76,40.28,40.27,41.13,2021,152956
2022-06-02,41.27,41.27,39.85,39.85,1909,92624
2022-06-03,41.05,40.65,40.56,40.83,2108,138484
2022-06-06,41.43,40.85,40.69,41.1,1386,76665
2022-06-07,40.855,40.85,40.19,40.36,1279,69176
2022-06-08,40.77,40.37,40.25,40.65,1036,61560
2022-06-09,40.34,39.62,39.56,40.1,1134,79037
2022-06-10,39.14,38.6,38.55,39.14,1753,96757
2022-06-13,38.12,37.49,37.41,37.59,2147,132306
2022-06-14,37.64,37.26,37.18,37.64,2602,178238
2022-06-15,38.41,37.95,37.19,37.4,2414,174709
2022-06-16,37.38,36.7,36.28,37.22,2438,148860
2022-06-17,37.25,36.76,36.585,36.83,3365,355703
2022-06-21,37.68,37.1,37.05,37.08,1463,82117
2022-06-22,37.82,37.48,36.68,36.68,1472,99194
2022-06-23,38.435,38.4,37.42,37.69,2251,173002
2022-06-24,39.7,39.63,38.78,38.8,2097,225964
2022-06-27,39.64,39.21,39.02,39.59,1504,84578
2022-06-28,39.84,38.49,38.45,39.24,1407,66270
2022-06-29,38.58,38.1,38.0,38.57,2053,118194
2022-06-30,37.86,37.84,37.06,37.81,1684,149019
2022-07-01,38.3,38.27,37.18,37.68,1322,77618
2022-07-05,38.5,38.48,37.22,37.71,1769,108422
2022-07-06,39.17,38.96,38.46,38.72,1774,124874
2022-07-07,39.76,39.65,38.83,39.05,1701,96350
2022-07-08,39.8,39.51,39.18,39.52,1307,65862
2022-07-11,39.28,38.95,38.72,39.26,1405,102789
2022-07-12,39.15,38.5,38.38,38.9,1403,103231
2022-07-13,38.12,37.83,37.61,37.84,2225,154721
2022-07-14,37.7,37.56,36.915,37.36,1275,82343
2022-07-15,38.16,38.11,37.65,37.96,2629,167487
2022-07-18,39.11,38.82,38.31,38.31,2003,167526
2022-07-19,39.82,39.65,39.17,39.25,1645,135539
2022-07-20,40.52,40.42,39.65,39.79,1451,80777
2022-07-21,41.05,40.86,40.32,40.41,1096,67265
2022-07-22,41.14,40.54,40.22,41.05,1463,84006
2022-07-25,40.64,40.49,40.26,40.43,1693,88438
2022-07-26,40.32,38.9,38.88,40.32,3532,222363
2022-07-27,40.44,40.15,39.22,39.3,2064,249336
2022-07-28,40.6,40.49,39.5,40.15,1581,82062
2022-07-29,41.08,40.9,40.445,40.67,1381,71716
2022-08-01,41.07,40.8,40.44,40.55,2097,133632
2022-08-02,40.88,40.32,40.05,40.5,2103,148307
2022-08-03,41.36,41.11,40.46,40.46,1636,94038
2022-08-04,41.84,41.63,41.24,41.37,1535,85185
2022-08-05,41.6,39.09,38.91,41.6,2286,140905
2022-08-08,40.28,39.24,39.15,39.18,2243,139395
2022-08-09,39.23,37.83,37.73,39.23,1913,134441
2022-08-10,39.51,39.36,38.6,38.6,1887,120225
2022-08-11,39.72,39.17,39.08,39.68,1689,84085
2022-08-12,39.89,39.82,39.07,39.16,1407,81562
2022-08-15,39.975,39.8,39.4,39.67,1508,72950
2022-08-16,40.29,40.21,39.4,39.59,1457,76421
2022-08-17,39.795,39.3,39.22,39.79,1130,93519
2022-08-18,39.255,39.17,38.83,39.18,1467,80160
2022-08-19,38.94,38.23,38.13,38.84,1194,92718
2022-08-22,37.91,37.48,37.3,37.91,1265,83893
2022-08-23,37.71,37.34,37.28,37.37,1558,92434
2022-08-24,37.69,37.24,37.18,37.24,1722,349161
2022-08-25,37.49,37.27,37.01,37.4,1276,80635
2022-08-26,34.3,31.89,31.83,34.3,5836,476992
2022-08-29,31.97,31.6,31.3,31.8,4733,373284
2022-08-30,31.96,30.88,30.835,31.96,3387,246551
2022-08-31,31.94,31.48,31.03,31.16,3849,277927
2022-09-01,31.02,30.29,29.88,31.02,3742,245841
2022-09-02,30.61,29.77,29.68,30.38,3810,298830
2022-09-06,30.06,29.47,29.41,29.93,3042,246432
2022-09-07,29.74,29.55,28.95,29.46,2373,181644
2022-09-08,30.04,29.97,29.21,29.41,2876,220978
2022-09-09,30.77,30.76,30.22,30.27,2443,193490
2022-09-12,31.51,31.25,31.07,31.07,2392,193588
2022-09-13,30.62,30.07,29.97,30.19,2893,231664
2022-09-14,30.08,29.68,29.64,30.02,2122,169207
2022-09-15,29.79,29.22,28.97,29.52,3086,242257
2022-09-16,28.99,28.64,28.565,28.76,3640,697091
2022-09-19,29.13,29.1,28.33,28.33,2557,229830
2022-09-20,28.72,28.07,27.89,28.72,2057,151243
2022-09-21,28.53,27.87,27.82,28.1,2383,232082
2022-09-22,27.86,27.43,27.31,27.7,3073,162658
2022-09-23,27.3,27.11,26.84,27.18,3736,231129
2022-09-26,27.36,26.92,26.77,27.14,4547,295492
2022-09-27,27.3,26.61,26.42,27.12,3833,250913
2022-09-28,27.62,27.56,26.61,26.67,3310,623041
2022-09-29,27.21,27.02,26.83,27.21,2745,199580
2022-09-30,27.12,26.44,26.435,27.01,2666,196072
2022-10-03,27.35,27.12,26.45,26.81,3714,280708
2022-10-04,28.29,28.11,27.66,27.66,3069,222110
2022-10-05,27.995,27.85,27.45,27.53,2362,178335
2022-10-06,27.74,27.19,27.13,27.73,3173,220748
2022-10-07,26.85,26.4,26.29,26.77,1931,139483
2022-10-10,26.51,26.19,25.99,26.51,2714,124076
2022-10-11,26.24,25.5,25.405,26.09,2419,184258
2022-10-12,25.865,25.74,25.47,25.53,2430,135910
2022-10-13,26.25,26.02,24.93,25.24,3585,318301
2022-10-14,26.55,25.76,25.73,26.28,1968,168460
2022-10-17,26.96,26.76,26.25,26.25,2344,217635
2022-10-18,27.53,27.43,27.05,27.2,2427,221793
2022-10-19,27.43,27.21,27.07,27.18,2538,191747
2022-10-20,28.02,27.26,27.2,27.2,2137,147899
2022-10-21,27.97,27.93,27.08,27.23,1986,169085
2022-10-24,28.01,27.91,27.48,27.98,2067,140191
2022-10-25,28.565,28.54,28.06,28.06,1903,148776
2022-10-26,29.22,28.98,28.15,28.26,2442,223846
2022-10-27,29.54,29.05,28.825,29.08,2359,167454
2022-10-28,29.975,29.96,28.94,28.94,2385,171987
2022-10-31,29.78,28.95,28.925,29.63,3037,221705
2022-11-01,29.57,29.4,29.09,29.28,2677,177522
2022-11-02,29.45,28.45,28.405,29.35,2621,199734
2022-11-03,28.13,27.76,27.75,27.92,2368,170171
2022-11-04,28.19,26.81,26.04,27.21,5199,310852
2022-11-07,27.755,27.55,26.8,26.87,2458,195312
2022-11-08,27.92,27.28,26.92,27.51,2193,168021
2022-11-09,27.78,27.55,26.77,27.09,3127,203432
2022-11-10,29.48,29.12,28.39,28.39,2718,176680
2022-11-11,30.07,29.94,29.07,29.2,2579,133436
2022-11-14,29.68,29.01,28.98,29.6,1919,138440
2022-11-15,30.02,29.45,29.33,29.44,2430,153229
2022-11-16,29.705,29.57,29.09,29.24,2151,155084
2022-11-17,29.24,28.97,28.82,29.01,2075,149622
2022-11-18,29.34,28.97,28.88,29.18,2306,216923
2022-11-21,28.89,28.38,28.285,28.88,2950,200135
2022-11-22,29.035,28.96,27.94,28.42,2273,193997
2022-11-23,29.7,29.67,28.94,28.94,1945,320208
2022-11-25,29.96,29.8,29.52,29.52,734,59379
2022-11-28,29.94,29.62,29.55,29.65,1931,145847
2022-11-29,29.57,28.99,28.895,29.52,1686,173615
2022-11-30,29.46,29.38,28.39,29.0,3341,271984
2022-12-01,29.71,29.36,29.18,29.28,2040,130575
2022-12-02,29.69,29.29,28.86,28.94,1510,104953
2022-12-05,29.09,28.2,28.08,29.06,1479,112415
2022-12-06,28.16,27.91,27.7,28.07,1629,103644
2022-12-07,28.18,27.67,27.6,27.81,1620,102066
2022-12-08,28.06,27.96,27.51,27.7,1775,113808
2022-12-09,28.42,28.14,27.89,27.89,1382,81680
2022-12-12,28.895,28.86,28.16,28.2,1756,110344
2022-12-13,30.4,29.66,29.58,29.88,2223,123199
2022-12-14,29.99,29.43,29.13,29.65,2219,126303
2022-12-15,29.14,28.81,28.54,29.05,2138,135661
2022-12-16,28.96,28.74,28.5,28.5,3316,431159
2022-12-19,28.9,28.62,28.24,28.68,4027,269663
2022-12-20,29.09,28.77,28.42,28.42,2217,129494
2022-12-21,29.51,29.29,28.8,28.82,1832,152059
2022-12-22,29.06,28.9,28.49,28.95,1377,115237
2022-12-23,28.99,28.96,28.54,28.83,1154,81695
2022-12-27,29.04,28.95,28.63,28.86,888,57473
2022-12-28,29.215,28.86,28.795,28.87,2295,165547
2022-12-29,29.995,29.95,29.07,29.07,1515,150312
2022-12-30,29.97,29.64,29.4,29.61,2585,162672
2023-01-03,30.5,30.08,29.56,29.86,1234,93218
2023-01-04,31.22,31.1,30.45,30.45,2679,229677
2023-01-05,30.75,30.07,30.02,30.73,2762,222840
2023-01-06,30.71,30.47,29.41,30.19,1158,90309
2023-01-09,31.285,30.84,30.71,30.71,1748,132638
2023-01-10,31.05,30.94,30.53,30.53,1602,116295
